# EVRP Instance: C150R6-1
# Generated following Zhang, Gajpal, Appadoo & Abdulkader (2018)
# Int. J. Production Economics, 203, 404-413
#
# Node indexing:
#   0          = Depot
#   1..150       = Customers
#   151..156     = Recharging Stations
#
# Coordinates in miles. Distances computed as Euclidean.
# Speeds in km/h. Demands in tons.
# Energy formula: E_ij = eff_d * eff_m * [alpha*(w+L)*d + beta*s^2*d]
#   with d in meters, s in m/s

NAME: C150R6-1
CUSTOMERS: 150
STATIONS: 6
TOTAL_NODES: 157
VEHICLE_CAPACITY_TONS: 3.0
BATTERY_CAPACITY_KWH: 110.0
CURB_WEIGHT_KG: 2500
ALPHA: 0.0981
BETA: 2.11
EFF_MOTOR: 1.25
EFF_BATTERY_DISCHARGE: 1.11
EFF_RECHARGE: 1.25
EMISSION_RATE_KG_PER_KWH: 0.69
MAX_VEHICLES: 7
GRID_SIZE_MILES: 200
MILES_TO_METERS: 1609.34

NODE_COORD_SECTION
# NodeID  Type       X_miles   Y_miles   Demand_tons
0	D	100.00	100.00	0.0000
1	C	89.83	102.00	0.1034
2	C	47.96	190.32	0.1454
3	C	63.00	165.09	0.0801
4	C	128.41	119.34	0.0763
5	C	98.69	152.85	0.1205
6	C	73.58	28.19	0.1246
7	C	35.24	36.19	0.1422
8	C	114.09	15.41	0.0798
9	C	9.87	129.22	0.0607
10	C	26.42	88.69	0.0718
11	C	70.51	128.57	0.1467
12	C	174.90	77.73	0.0802
13	C	1.22	35.06	0.1129
14	C	55.04	140.40	0.1393
15	C	159.91	53.22	0.0508
16	C	14.44	171.15	0.1053
17	C	168.90	67.49	0.1377
18	C	138.73	156.21	0.0849
19	C	97.04	127.54	0.0879
20	C	90.50	45.24	0.0506
21	C	10.91	178.60	0.1472
22	C	107.54	198.61	0.1088
23	C	195.57	17.84	0.1422
24	C	88.85	146.07	0.0534
25	C	55.77	17.30	0.0999
26	C	8.43	165.79	0.0652
27	C	167.97	52.41	0.0518
28	C	26.58	85.84	0.1125
29	C	153.29	87.12	0.1361
30	C	153.31	78.66	0.0831
31	C	103.70	83.10	0.0886
32	C	187.35	121.31	0.1491
33	C	104.10	145.24	0.0600
34	C	93.84	172.43	0.1462
35	C	159.95	65.92	0.0823
36	C	3.75	179.80	0.1445
37	C	9.56	108.68	0.0533
38	C	139.77	74.58	0.0710
39	C	17.99	71.36	0.1057
40	C	96.89	163.66	0.0767
41	C	47.44	85.29	0.0677
42	C	21.14	72.22	0.0652
43	C	138.56	185.15	0.1279
44	C	46.43	104.55	0.0691
45	C	156.35	66.63	0.0670
46	C	123.23	110.58	0.0702
47	C	154.30	116.38	0.0723
48	C	192.72	151.38	0.0808
49	C	163.65	62.03	0.0686
50	C	195.03	186.18	0.0558
51	C	151.12	79.00	0.1392
52	C	90.08	18.98	0.0672
53	C	128.17	84.40	0.1330
54	C	110.58	41.49	0.1487
55	C	193.00	89.76	0.0736
56	C	143.80	70.80	0.0820
57	C	33.38	24.44	0.0514
58	C	103.33	129.69	0.1468
59	C	32.24	51.58	0.1240
60	C	124.45	92.25	0.0631
61	C	65.78	164.49	0.1048
62	C	136.72	170.60	0.1040
63	C	54.65	139.94	0.0538
64	C	61.56	39.20	0.0879
65	C	52.58	26.41	0.1276
66	C	64.85	158.36	0.0776
67	C	48.13	6.70	0.1277
68	C	80.99	177.95	0.0660
69	C	148.43	83.33	0.0959
70	C	188.20	175.32	0.0635
71	C	96.89	139.08	0.0666
72	C	15.78	42.50	0.0531
73	C	146.74	155.15	0.1351
74	C	49.13	46.35	0.0613
75	C	57.56	22.30	0.1309
76	C	182.16	172.10	0.0579
77	C	12.90	29.23	0.1232
78	C	18.02	62.18	0.1444
79	C	186.28	92.57	0.0500
80	C	86.19	136.17	0.1089
81	C	156.68	123.12	0.0525
82	C	86.72	166.51	0.1209
83	C	102.77	62.57	0.1058
84	C	102.17	184.20	0.0731
85	C	197.74	168.66	0.1393
86	C	6.19	121.22	0.1024
87	C	53.30	165.56	0.0875
88	C	36.33	55.23	0.0892
89	C	120.13	142.49	0.1127
90	C	115.78	9.27	0.1029
91	C	172.24	73.03	0.1120
92	C	170.72	114.85	0.1233
93	C	90.22	108.74	0.0814
94	C	101.89	173.58	0.1378
95	C	23.64	197.71	0.1256
96	C	8.99	89.22	0.0638
97	C	153.72	52.89	0.1307
98	C	104.46	104.93	0.0823
99	C	184.82	60.52	0.1112
100	C	166.15	166.57	0.0512
101	C	54.42	147.58	0.1380
102	C	140.63	35.02	0.0566
103	C	189.96	189.30	0.1166
104	C	35.92	16.01	0.0578
105	C	43.41	85.22	0.1491
106	C	81.67	180.59	0.1120
107	C	190.99	42.94	0.1047
108	C	107.77	57.22	0.1356
109	C	10.70	179.33	0.1154
110	C	112.46	166.40	0.0588
111	C	42.58	127.58	0.0904
112	C	96.01	159.22	0.0552
113	C	170.59	195.43	0.0739
114	C	96.87	95.70	0.1320
115	C	85.88	25.31	0.0820
116	C	66.12	17.48	0.1024
117	C	97.25	68.49	0.1282
118	C	39.87	194.40	0.0703
119	C	185.55	105.25	0.1473
120	C	187.45	145.53	0.1089
121	C	185.49	160.94	0.1175
122	C	1.74	175.11	0.1267
123	C	70.17	149.50	0.1370
124	C	41.23	108.07	0.1224
125	C	16.90	82.71	0.1293
126	C	172.98	149.99	0.1159
127	C	133.73	88.71	0.0879
128	C	158.62	119.99	0.0887
129	C	164.54	2.03	0.1304
130	C	76.37	11.57	0.1374
131	C	175.28	103.52	0.0915
132	C	168.67	169.12	0.1114
133	C	150.57	33.75	0.0513
134	C	133.44	118.77	0.0665
135	C	142.77	190.76	0.1007
136	C	180.29	13.42	0.0590
137	C	138.65	90.79	0.1239
138	C	197.92	10.58	0.1051
139	C	189.67	113.38	0.0954
140	C	67.26	164.74	0.0960
141	C	43.81	8.54	0.1326
142	C	42.95	26.51	0.1345
143	C	102.62	108.25	0.1259
144	C	71.66	117.87	0.0958
145	C	123.44	9.46	0.0749
146	C	74.41	15.87	0.1392
147	C	160.10	152.01	0.1132
148	C	42.80	65.47	0.1377
149	C	143.98	144.66	0.0607
150	C	167.80	110.58	0.0864
151	S	64.52	17.78	0.0000
152	S	54.32	153.08	0.0000
153	S	147.83	30.59	0.0000
154	S	179.43	32.36	0.0000
155	S	72.52	89.40	0.0000
156	S	166.64	186.40	0.0000

DISTANCE_MATRIX_MILES
0.0000	10.3648	104.2395	74.8713	34.3681	52.8662	76.5160	90.9152	85.7554	94.7482	74.4442	41.0598	78.1407	118.2146	60.4447	76.0104	111.2782	76.1847	68.2611	27.6986	55.5779	118.8065	98.8978	126.0313	47.4001	93.7848	112.7537	82.9743	74.7730	54.8244	57.4226	17.3003	89.9118	45.4254	72.6915	68.9598	125.0284	90.8556	47.1999	86.8671	63.7359	54.5796	83.6100	93.4740	53.7629	65.4895	25.5259	56.7168	106.0043	74.1151	128.2875	55.2653	81.6250	32.2011	59.4589	93.5621	52.6410	100.7350	29.8762	83.2821	25.6489	73.0066	79.5784	60.4303	71.9324	87.5451	68.1279	106.7492	80.2345	51.2187	115.9842	39.2036	101.9768	72.2921	73.9329	88.5350	109.3100	112.2266	90.2833	86.5993	38.7167	61.2140	67.8228	37.5324	84.2280	119.4458	96.1801	80.4923	77.8346	47.0172	92.0920	77.1103	72.2623	13.1162	73.6043	124.0084	91.6462	71.4506	6.6480	93.5580	93.8477	65.8892	76.6368	126.7568	105.6436	58.4883	82.6483	107.4012	43.4799	119.4476	67.5589	63.7002	59.3543	118.7006	5.3185	76.0130	89.2043	31.6298	111.9240	85.7109	98.5925	104.9868	123.6792	57.7934	59.3215	84.8796	88.4595	35.5693	61.9347	117.3181	91.5327	75.3623	97.4328	83.3450	38.3477	100.3327	118.0787	39.7322	132.6057	90.6627	72.5477	107.3417	93.0348	8.6560	33.5036	93.5250	87.9358	79.4799	66.8144	62.6798	68.6205	89.5486	70.0296	84.2939	104.3278	29.4535	109.1139
10.3648	0.0000	97.7421	68.5580	42.2977	51.6161	75.5776	85.5045	89.9243	84.4661	64.7919	32.8516	88.4643	111.0527	51.8161	85.3856	102.3004	86.2729	73.0064	26.5382	56.7640	109.9815	98.2198	135.1438	44.0809	91.2917	103.4172	92.5474	65.2818	65.1812	67.6348	23.4433	99.4134	45.5338	70.5441	78.8580	116.0285	80.5475	56.9724	78.1012	62.0629	45.5646	74.8676	96.3770	43.4748	75.3389	34.4844	66.0543	114.1260	83.9464	134.7342	65.4635	83.0204	42.1867	63.9689	103.8935	62.3394	95.9279	30.8056	76.5427	35.9667	66.9582	83.0941	51.7405	68.8697	84.2699	61.6478	104.0239	76.4627	61.5023	122.6885	37.7461	94.9929	77.8696	68.9450	85.9851	115.9260	105.8947	82.1116	96.9099	34.3633	70.1069	64.5849	41.4990	83.1211	126.8390	85.8199	73.3097	71.0611	50.5720	96.2926	87.3537	81.9043	6.7513	72.5888	116.3680	81.8440	80.5836	14.9205	103.6518	99.9701	57.7183	84.0652	132.8432	101.4917	49.3597	79.0125	117.1385	48.2399	110.6412	68.2604	53.7299	57.5528	123.4963	9.4473	76.7917	87.7827	34.3217	105.0417	95.7752	106.8856	112.3600	114.4767	51.4078	48.9776	75.4380	96.0050	45.8676	71.1035	124.8022	91.4262	85.4635	103.5415	91.3642	46.7233	103.3488	126.6074	50.0905	141.5665	100.4865	66.6762	104.1759	88.8621	14.2354	24.1248	98.4545	87.4994	86.2489	59.5505	68.9355	78.4407	87.9409	62.2103	91.9967	113.4808	21.4102	114.1190
104.2395	97.7421	0.0000	29.3727	107.2864	63.0677	164.1418	154.6540	186.9938	72.0004	103.8876	65.7386	169.6770	162.1428	50.4196	177.0006	38.6145	172.3766	96.9674	79.6880	151.1882	38.8595	60.1540	227.0200	60.2499	173.1962	46.5225	182.8157	106.6451	147.4607	153.5141	120.8432	155.5376	71.9993	49.2446	167.3832	45.4444	90.2200	147.7323	122.6771	55.7216	105.0313	121.1071	90.7474	85.7836	164.4616	109.6542	129.5196	149.9059	172.7498	147.1283	151.7700	176.4412	132.8634	161.4671	176.4906	153.2003	166.5195	82.1087	139.6277	124.3722	31.3806	90.9242	50.8222	151.7307	163.9751	36.1485	183.6201	35.2704	146.7688	141.0399	70.8497	151.2822	104.8543	143.9748	168.2940	135.4312	164.8611	131.5913	169.3738	66.2854	127.8119	45.4891	139.0115	54.5544	151.3380	80.7437	25.3293	135.5897	86.5807	193.3356	170.8873	144.1032	91.8760	56.4683	25.4180	108.3507	173.4133	102.3900	188.6232	120.5526	43.2254	180.8475	142.0037	174.7253	105.1984	35.0861	205.3739	145.9207	38.8470	68.7926	62.9702	57.2365	122.7364	106.5135	169.3110	173.7914	131.4232	9.0606	161.7650	146.5046	140.6332	48.6583	46.4710	82.5249	112.0028	131.3640	132.9702	131.1181	221.4588	180.9936	154.0929	122.5575	187.1977	111.4730	94.8110	220.9182	134.6510	234.0822	161.2498	32.0441	181.8274	163.8866	98.6063	76.2279	195.9785	176.4438	118.5033	124.9566	106.3234	143.9448	173.3329	37.7792	188.3818	205.5133	103.8655	118.7447
74.8713	68.5580	29.3727	0.0000	79.8219	37.7305	137.3082	131.8553	158.1591	64.1050	84.7057	37.2842	141.9626	143.9603	25.9414	148.0083	48.9367	144.0159	76.2489	50.6826	122.9645	53.8135	55.7441	198.1347	32.0933	147.9667	54.5745	153.9983	87.2180	119.2963	125.0042	91.5361	131.8318	45.6424	31.7014	138.6867	61.0487	77.7041	118.6832	103.9770	33.9202	81.3029	101.8680	78.1775	62.7667	135.6783	81.2342	103.4812	130.4425	144.0548	133.7038	123.1934	148.5983	103.7208	132.4417	150.2485	124.1742	143.7351	53.6625	117.6040	95.2983	2.8440	73.9256	26.4999	125.8982	139.0709	6.9796	159.0865	22.1138	118.2497	125.6172	42.7206	131.3698	84.3279	119.5473	142.8936	119.3660	144.8031	112.3106	143.0283	37.0694	102.6520	23.7625	109.9636	43.5830	134.7873	71.7771	9.7114	113.0509	61.4377	164.5163	142.8580	118.8598	62.5800	39.8059	51.1202	93.1308	144.2878	73.0627	160.5459	103.1606	19.4991	151.4748	129.2477	151.5195	82.2374	24.2656	176.9239	116.7917	54.2039	49.4773	42.7080	33.5279	111.7861	77.2150	141.6402	147.6430	102.4921	37.3373	136.3794	125.9778	122.5603	62.0741	17.1597	61.0345	94.4017	111.0118	104.0992	105.7223	192.0910	154.1011	128.0534	105.7468	157.8566	84.3050	83.7986	191.7309	106.0350	205.1262	136.8182	4.2744	157.7218	140.0229	69.2859	48.0075	166.9542	149.6556	97.9770	101.6474	83.5173	118.1287	147.3178	14.8183	159.0169	176.5593	76.2863	105.8082
34.3681	42.2977	107.2864	79.8219	0.0000	44.7906	106.3704	124.8782	104.9119	118.9510	106.4959	58.6311	62.3916	152.5792	76.3327	73.2400	125.1936	65.7865	38.2871	32.4240	83.2345	131.5979	81.9713	121.7075	47.7440	125.2547	128.6577	77.7471	107.1989	40.7080	47.6956	43.8625	58.9729	35.5216	63.3532	62.0360	138.5479	119.3271	46.1791	120.3938	54.3854	87.8382	117.1629	66.5881	83.3034	59.6573	10.1769	26.0587	71.8494	67.2777	94.3706	46.2932	107.4305	34.9408	79.8657	71.0411	50.9213	134.3008	27.1317	117.6439	27.3779	77.2078	51.9292	76.5826	104.3616	119.9424	74.5817	138.3208	75.3909	41.2010	81.9061	37.1911	136.3448	40.2287	107.7630	120.1519	75.3172	146.5004	124.3110	63.7618	45.4508	28.5216	62.9529	62.2916	69.9668	85.0830	122.2345	88.1918	112.1999	24.5862	110.7922	63.7627	42.5476	39.6338	60.3762	130.8381	123.1599	71.1070	27.9509	81.4977	60.4564	79.1961	85.2009	93.1816	138.6776	91.5924	77.0467	98.7584	65.4592	132.1153	49.6895	86.2246	51.3826	86.9991	39.4160	103.2010	119.3964	59.6378	116.0747	58.8516	64.5882	70.6306	138.4037	65.5860	87.9054	117.3722	54.0917	31.0886	30.2170	122.7478	119.6768	49.4679	64.0228	88.4122	5.0622	72.8493	117.9431	30.3308	129.0751	61.5492	76.1609	139.4052	126.1777	28.0733	56.7690	109.9923	116.7135	45.5147	101.1486	29.7242	40.3523	119.9849	81.4108	90.8499	100.8393	63.4042	77.1918
52.8662	51.6161	63.0677	37.7305	44.7906	0.0000	127.1638	132.7986	138.3001	91.9096	96.6409	37.1972	107.0092	152.8885	45.3908	116.9360	86.2146	110.5250	40.1807	25.3637	107.9212	91.4789	46.6079	166.1729	11.9496	142.1827	91.1828	122.0160	98.4388	85.4494	92.1276	69.9297	94.1030	9.3370	20.1717	106.3467	98.6910	99.4743	88.3955	114.6870	10.9588	84.7993	111.8714	51.3119	71.1618	103.7235	48.8770	66.5021	94.0415	111.6605	101.9426	90.5689	134.1466	74.5283	111.9930	113.4668	93.6329	144.0643	23.6202	121.1248	65.8478	34.9078	41.9684	45.8932	119.5615	134.5853	34.2856	154.6484	30.7132	85.4816	92.2873	13.8871	138.0261	48.1050	117.4668	136.8758	85.6610	150.4720	121.3618	106.3282	20.8440	65.1668	18.1625	90.3721	31.5426	100.3038	97.7584	47.1359	115.8380	23.8118	144.5935	108.5396	81.4391	44.9158	20.9755	87.4352	109.9767	114.1065	48.2661	126.2664	68.8410	44.5826	125.0715	98.2793	150.5499	87.3481	32.5452	143.5253	96.0601	91.8881	19.3188	61.5378	6.9108	83.5624	57.1790	128.1817	139.2330	84.3723	72.0152	99.0476	89.0613	87.1762	99.4727	28.7161	72.8485	107.7461	74.3450	73.0872	68.3475	164.5688	143.0322	91.1015	71.8465	129.9090	48.6725	58.1396	161.5527	73.8122	173.4570	99.1728	33.6038	154.3930	138.0896	44.7728	44.2066	145.5103	139.1152	61.4157	103.7254	46.0246	81.0120	139.3251	44.3706	131.7659	145.0406	68.6351	75.7813
76.5160	75.5776	164.1418	137.3082	106.3704	127.1638	0.0000	39.1657	42.4781	119.4405	76.7093	100.4269	112.7828	72.6854	113.7313	89.8853	154.7097	103.1038	143.6442	102.0823	24.0206	162.9438	173.7707	122.4283	118.8649	20.8755	152.2442	97.4478	74.3809	99.1283	94.3615	62.6284	147.0202	120.9635	145.6559	94.2514	166.9186	102.8455	80.8279	70.3839	137.4608	62.7990	68.4733	169.8789	81.0430	91.2607	96.1937	119.5541	171.3771	96.2172	199.2760	92.7044	18.8964	78.3558	39.3178	134.3577	82.1368	40.3745	105.7701	47.4983	81.8012	136.5230	155.7795	113.3420	16.3003	21.0753	130.4624	33.3095	149.9432	92.9674	186.5073	113.3135	59.5451	146.5306	30.4563	17.0685	180.2767	60.6889	65.1324	129.7924	108.7138	126.1638	138.9427	45.1003	158.6080	187.4767	114.8738	138.8589	46.0296	123.4155	46.2472	108.3717	130.1773	82.2508	148.1206	176.7230	88.8624	83.8601	82.7200	115.8429	166.4879	120.9176	67.3970	198.7479	39.5807	64.5186	152.6146	118.3329	44.8519	163.6985	143.5746	104.1123	132.9359	193.3395	71.4145	12.6327	13.0520	46.7371	169.5940	135.9247	163.5086	173.6272	163.5435	121.3579	86.1820	78.6451	157.2120	85.3270	125.1361	94.6471	16.8526	126.5603	170.0099	77.1905	108.5724	176.6812	107.7273	90.2932	125.5808	143.9938	136.6962	35.6704	30.6760	85.1641	89.7006	53.2619	12.3479	151.0533	48.3447	136.0934	125.1620	13.8004	126.3664	74.2888	105.9321	61.2192	183.5499
90.9152	85.5045	154.6540	131.8553	124.8782	132.7986	39.1657	0.0000	81.5422	96.4273	53.2357	98.8840	145.7069	34.0388	106.0743	125.8278	136.5534	137.2759	158.4771	110.2908	55.9962	144.4734	177.7851	161.3767	122.2606	27.8983	132.3440	133.7174	50.3996	128.5678	125.4760	82.9899	174.3068	128.9713	148.3081	128.2047	147.0219	76.9042	111.3567	39.1726	141.5956	50.5930	38.6907	181.2846	69.2698	124.8768	115.2220	143.5469	195.1120	130.9841	219.1571	123.5349	57.4770	104.6909	75.5262	166.6072	113.9435	11.8963	115.6655	15.6797	105.3620	131.8847	168.4169	105.5500	26.4916	19.9079	125.7070	32.1840	148.9596	122.6138	206.7702	119.9461	20.4575	163.0452	17.2092	26.2891	200.1425	23.3991	31.1771	161.2197	112.2136	149.3469	140.1196	72.4997	162.4395	209.6534	89.8555	130.6245	19.0712	136.0368	84.9198	141.8668	156.6596	91.0291	152.7031	161.9360	59.1713	119.6512	97.5530	151.5458	184.7603	113.0292	105.3965	217.6717	20.1915	49.7060	151.6809	155.8962	75.5173	145.2283	151.3855	91.6843	137.2202	208.9904	85.6720	51.7956	36.1059	69.9180	158.2777	165.4158	187.4116	195.2886	142.9021	118.5718	72.1292	50.0047	178.6694	111.6182	149.1478	133.7363	47.9356	155.3851	188.3453	115.3558	128.3070	188.2939	146.8263	116.9392	164.6835	172.6468	132.4779	28.9477	12.3752	98.6545	89.4318	92.1615	44.1270	170.3065	30.2402	153.5908	152.0067	34.5868	118.4370	112.7292	144.2409	64.9700	199.5721
85.7554	89.9243	186.9938	158.1591	104.9119	138.3001	42.4781	81.5422	0.0000	154.3196	114.2628	121.2617	87.0726	114.5677	138.2368	59.4060	184.8920	75.6073	142.9397	113.4189	38.0305	193.0728	183.3171	81.5162	133.0755	58.3506	183.7884	65.3610	112.3316	81.7249	74.4229	68.4828	128.7705	130.2138	158.3204	68.2232	197.9873	140.0922	64.5023	111.2008	149.2444	96.5683	108.9361	171.4947	111.9099	66.4033	95.6079	108.6820	157.0685	68.0413	188.9806	73.5861	24.2740	70.4121	26.3151	108.4191	62.8549	81.2136	114.7854	89.4857	77.5353	156.7122	156.8313	137.9885	57.6660	62.4858	151.1929	66.5326	165.8760	76.1076	176.2484	124.8604	101.9741	143.5036	71.9520	56.9483	170.8370	102.1294	106.8498	105.6649	123.9411	115.8247	153.5589	48.4996	169.2104	174.5935	151.1230	161.9890	87.3627	127.2235	6.3683	81.8626	114.4346	96.3341	158.6398	203.5055	128.4287	54.5462	90.0365	83.8907	159.8737	145.0152	32.9988	189.7208	78.1723	99.3433	168.3315	81.6793	42.2850	193.8021	150.9988	133.0255	144.9421	188.6782	82.1158	29.8967	48.0146	55.6873	193.7680	114.7944	149.3750	162.1016	195.2604	141.0996	117.8747	118.2167	146.9007	75.8856	113.6657	52.1941	37.9150	107.2734	163.1127	40.8307	105.1557	177.6800	66.2299	79.2801	83.9690	123.7354	156.5008	70.6150	72.0008	93.5459	110.8980	11.0826	39.6827	144.1405	87.1107	132.6611	109.2799	49.6266	150.0849	36.9976	67.5027	84.8680	178.8829
94.7482	84.4661	72.0004	64.1050	118.9510	91.9096	119.4405	96.4273	154.3196	0.0000	43.7788	60.6435	172.8760	94.5565	46.5330	168.1904	42.1783	170.5905	131.6562	87.1862	116.4209	49.3910	119.8099	216.5410	80.7574	120.9665	36.5983	175.7708	46.4871	149.4714	152.0899	104.5520	177.6562	95.5821	94.4355	162.8831	50.9489	20.5423	140.9239	58.4270	93.5874	57.8044	58.1035	140.3185	44.1049	159.2919	114.8823	144.9996	184.1879	167.8177	193.7232	149.9120	136.3323	126.5058	133.5629	187.3331	146.1169	107.3851	93.4612	80.7984	120.3967	66.1052	133.4287	46.0453	103.8049	111.3285	62.2249	128.3549	86.2129	145.9615	184.1923	87.5768	86.9212	139.3046	91.6994	117.0736	177.5459	100.0359	67.5336	180.1769	76.6358	146.9367	85.4194	114.3356	107.4341	191.9652	8.8058	56.6283	78.5790	111.0557	160.0154	171.8177	161.4906	82.9190	102.1542	69.8605	40.0097	162.8468	97.6590	187.9553	160.6812	48.1850	161.1577	189.8473	116.1684	55.3257	88.2843	200.6208	121.5253	50.1169	109.1195	32.7511	91.2146	173.8237	93.2341	128.7432	125.0995	106.4115	71.7526	177.3077	178.3274	178.4616	46.6046	63.6189	37.8255	47.0383	164.4271	130.3164	149.0361	200.2501	135.1435	167.3946	163.7359	170.0324	124.0111	146.4568	206.0403	134.3918	222.3471	180.4964	67.4928	125.3618	107.9057	95.0910	62.8238	165.0473	130.4363	151.9488	71.7527	134.9959	159.0262	124.1189	50.4490	169.5902	195.2753	74.2338	166.8724
74.4442	64.7919	103.8876	84.7057	106.4959	96.6409	76.7093	53.2357	114.2628	43.7788	0.0000	59.4503	148.8840	59.2555	59.1018	138.1221	83.3257	144.0486	131.0438	80.6009	77.4219	91.2380	136.6121	183.3888	84.7937	77.1878	79.1710	146.1254	2.8545	126.8797	127.2858	77.4819	164.2027	96.0837	107.5074	135.4575	93.8880	26.1507	114.2248	19.2716	102.8908	21.2932	17.2956	147.9186	25.5331	131.7894	99.2540	130.8435	177.7237	139.7957	194.7656	125.0759	94.4038	101.8404	96.4922	166.5834	118.7355	64.6259	87.1559	37.5636	98.0946	85.4099	137.3875	58.5106	60.6966	67.5510	79.5662	84.8156	104.6195	122.1277	183.5144	86.6324	47.3996	137.4548	48.0460	73.3303	176.6697	60.9777	27.8090	159.9071	76.3335	134.7334	98.4482	80.6943	121.9025	189.0654	38.3074	81.4342	34.8967	108.0556	119.5523	146.6585	146.6521	66.8763	113.5871	109.0554	17.4381	132.2382	79.7119	160.8854	159.9680	65.2076	126.1919	192.0096	73.2982	17.3407	107.2295	170.8109	87.2249	91.9931	115.9385	42.1139	99.0820	179.3834	70.7979	86.9052	81.5289	73.6541	106.5622	159.9893	170.7672	174.7093	89.8750	74.9127	24.3910	11.2424	158.8632	107.3100	135.8548	163.0555	91.8831	149.5969	163.4137	135.7631	111.1669	154.7760	171.2938	112.2496	188.4501	165.1065	86.3221	82.0148	64.3397	78.6704	53.8343	125.2608	87.2112	147.9181	28.4161	130.2037	143.0646	80.4974	70.1747	134.5957	163.0495	46.1055	170.9061
41.0598	32.8516	65.7386	37.2842	58.6311	37.1972	100.4269	98.8840	121.2617	60.6435	59.4503	0.0000	116.1119	116.3840	19.4749	116.9187	70.4053	115.8074	73.6066	26.5500	85.6942	77.8149	79.2264	167.0363	25.3497	112.2421	72.3827	123.6883	61.2837	92.5777	96.6791	56.2947	117.0653	37.4990	49.6789	109.1995	84.1511	64.1133	87.8172	77.6617	43.9000	49.0447	74.9181	88.4991	34.0119	105.8540	55.7049	84.6721	124.3205	114.4667	137.2011	94.6317	111.3236	72.6338	95.8568	128.4913	93.3209	110.5518	32.8391	85.9770	65.0282	36.2301	78.4238	19.5145	89.8170	103.7215	30.3229	123.9079	50.4798	90.1010	126.6353	28.3966	101.9971	80.7311	84.9543	107.0561	119.8357	114.8362	84.6335	121.2382	17.4248	86.3422	41.2578	73.4623	64.0082	133.3967	64.7386	40.7976	80.9137	51.5355	127.6004	115.9038	101.1449	27.9591	54.8690	83.5293	73.0283	112.4783	41.3697	133.0322	102.9126	24.9052	116.9120	134.0016	117.7549	51.1237	53.2036	147.8104	80.4930	78.4462	56.4882	27.9475	39.8707	120.3589	42.1341	104.3976	111.1767	65.7619	72.6113	117.3798	118.1635	119.4496	83.0378	20.9328	35.7431	70.5491	104.6848	74.7368	88.5268	157.6516	117.1467	107.7230	106.2059	124.0985	63.6885	95.3368	159.0948	77.9127	173.6518	120.1243	36.3157	122.9638	105.7156	37.9994	10.7616	130.3410	112.7675	92.6056	68.9163	75.2112	98.9393	110.9518	29.3744	124.8137	145.3270	39.2215	112.1842
78.1407	88.4643	169.6770	141.9626	62.3916	107.0092	112.7828	145.7069	87.0726	172.8760	148.8840	116.1119	0.0000	178.8448	135.2551	28.7305	185.6737	11.8683	86.4140	92.4295	90.4376	192.5292	138.3812	63.3566	109.8861	133.5805	188.3264	26.2512	148.5416	23.5619	21.6100	71.4022	45.3235	97.8276	124.6548	19.0520	199.2752	168.2118	35.2709	157.0392	116.0583	127.6840	153.8587	113.4004	131.2397	21.6174	61.2284	43.7971	75.7752	19.3146	110.3024	23.8139	103.1794	47.2036	73.8268	21.7332	31.8628	151.2208	88.4427	145.0369	52.4979	139.4076	100.4119	135.3889	119.7101	132.6496	136.4265	145.3131	137.3431	27.0559	98.4921	99.2441	162.9734	82.3823	129.6256	129.7735	94.6488	169.1043	157.6488	18.7011	106.2295	48.9103	125.1303	73.7059	128.9400	93.7546	174.2253	150.0022	140.3848	84.8152	90.4541	5.4005	37.3546	90.1794	120.4893	193.0668	166.3074	32.6438	75.5092	19.8643	89.2699	139.2640	54.7593	112.5818	152.0684	131.7032	138.8237	38.3306	70.1933	193.0912	108.4487	141.3987	113.4207	117.7789	80.0725	103.3074	124.3509	78.1978	178.4516	29.5089	68.9517	83.8812	198.6637	126.9618	137.0700	158.0785	72.2855	42.6090	45.2874	76.4056	118.6815	25.7928	91.6021	50.2612	58.3371	117.5079	64.5355	38.5308	70.9862	38.5885	138.4092	148.2290	141.5425	78.4593	110.7688	85.4922	118.0038	75.7401	132.6677	73.7270	33.6085	125.6095	142.1871	54.3596	45.5956	103.0430	108.9835
118.2146	111.0527	162.1428	143.9603	152.5792	152.8885	72.6854	34.0388	114.5677	94.5565	59.2555	116.3840	178.8448	0.0000	118.2925	159.7257	136.7306	170.7873	183.2657	133.1692	89.8585	143.8667	195.0706	195.1114	141.4293	57.3683	130.9287	167.6502	56.7604	160.7343	158.2161	113.1812	205.1425	150.7446	165.6773	161.7020	144.7621	74.0909	144.0761	39.9865	160.2832	68.2594	42.1624	203.4436	82.9024	158.3098	143.4912	173.3391	224.0594	164.6538	245.7632	156.2073	90.3032	136.2011	109.5489	199.4283	146.9912	33.8681	139.2167	35.1447	135.8541	144.6379	191.6542	117.7055	60.4819	52.0833	138.7504	54.8164	163.6484	154.9218	233.7400	141.3255	16.3508	188.6735	49.2223	57.7669	226.9785	13.0542	31.9019	193.7901	132.0725	178.6683	156.8099	105.2103	180.0934	237.6322	86.3032	140.5083	40.4912	160.2523	117.4271	175.1844	187.3411	115.5411	171.2374	164.1879	54.7145	153.5388	124.6608	185.3569	210.9426	124.4628	139.4100	243.7473	39.5853	65.5440	166.2864	189.9335	108.8300	144.5811	172.1178	101.3440	156.2077	233.2482	113.2525	85.2196	67.2389	101.6825	163.9605	197.2414	216.5300	223.1618	140.0510	133.6062	83.2542	50.1636	206.6650	142.9588	178.8515	166.6265	78.7357	187.0392	214.5031	149.3557	156.4912	210.4255	180.3728	148.2998	198.2175	204.0770	145.5273	50.1719	42.5969	125.0549	108.7166	124.8723	75.6639	197.2819	51.5137	179.9794	182.8993	65.6162	129.4153	146.6781	178.2305	89.6467	224.2043
60.4447	51.8161	50.4196	25.9414	76.3327	45.3908	113.7313	106.0743	138.2368	46.5330	59.1018	19.4749	135.2551	118.2925	0.0000	136.3747	50.9306	135.2034	85.1703	43.9247	101.5521	58.3669	78.3878	186.4662	34.2821	123.1022	53.0768	143.1622	61.5367	111.7668	116.0552	75.1737	133.6801	49.2982	50.3126	128.6599	64.6763	55.4490	107.2914	78.3532	47.8795	55.6316	76.1428	94.7531	36.8694	125.3225	74.4252	102.1250	138.1171	133.9328	147.2855	114.0234	126.3749	92.1086	113.4367	146.9604	112.7940	117.9656	49.4634	91.6997	84.4759	26.3757	87.0842	0.6031	101.4098	114.0165	20.4645	133.8784	45.6443	109.4471	137.6626	41.8708	105.4787	92.8787	94.2355	118.1269	131.0129	118.8888	86.5381	139.6841	31.4359	103.0984	41.0531	91.2998	64.3403	145.4714	52.4804	25.2201	87.2009	65.1235	144.5144	135.1834	118.4680	47.3285	57.4094	65.3483	68.8476	131.8929	60.8314	152.3931	114.1503	7.2067	135.7593	143.5082	125.8509	56.3923	48.2120	167.2748	98.4854	59.0049	63.0322	17.8775	45.0858	127.9848	61.2196	119.1504	123.4184	83.3830	56.0904	135.1606	132.5093	132.0572	63.6056	17.6558	35.1560	69.1578	118.3293	94.1487	105.5717	176.4554	130.5838	125.7688	117.2033	143.1789	81.3291	101.1567	178.3577	97.2203	193.0490	137.3147	27.2353	132.3373	114.5299	57.4237	27.9969	147.7290	126.0274	105.6996	75.9231	89.0420	116.6364	122.9859	12.7004	143.7645	164.7590	53.9124	120.7086
76.0104	85.3856	177.0006	148.0083	73.2400	116.9360	89.8853	125.8278	59.4060	168.1904	138.1221	116.9187	28.7305	159.7257	136.3747	0.0000	187.2672	16.8657	105.1453	97.3453	69.8672	194.7335	154.5344	50.2333	116.9215	110.1607	188.7278	8.1006	137.2624	34.5403	26.2822	63.6583	73.4112	107.6217	136.2948	12.7001	201.0185	160.2527	29.3576	143.0746	127.1555	116.9529	140.0647	133.6464	124.5491	13.8745	68.0852	63.4087	103.4982	9.5710	137.5201	27.2373	77.7728	44.4929	50.7054	49.2962	23.8451	129.7618	95.1260	127.6805	52.7328	145.7445	119.6488	136.3819	99.3443	110.6278	141.7421	121.0739	147.6006	32.2243	125.3345	106.5057	144.5281	102.7773	110.9928	106.9185	120.9443	148.9546	142.1726	47.3688	110.9745	69.9746	134.8755	57.8999	143.1421	121.4805	168.0888	154.8740	123.5963	97.7322	62.2821	23.3338	62.5709	89.1020	133.6146	198.6124	155.1543	6.1988	75.8197	25.9576	113.5216	141.5343	26.5134	139.3584	129.4531	120.8149	149.4812	32.7360	52.2932	195.3647	122.7241	138.9091	123.7708	142.6105	76.0171	79.1164	100.3689	64.4938	185.3143	58.0046	96.3306	110.7156	199.6871	131.6173	130.7420	146.0189	97.6486	44.1014	66.7825	51.3990	93.3470	52.5959	116.2306	21.5944	70.6927	138.6039	44.7145	43.1682	57.1221	67.1184	144.9853	124.4006	119.9711	79.4383	109.3969	56.9649	93.3020	98.7902	117.7489	92.8172	57.9001	101.7607	145.3316	25.6524	28.5687	94.5833	133.3499
111.2782	102.3004	38.6145	48.9367	125.1936	86.2146	154.7097	136.5534	184.8920	42.1783	83.3257	70.4053	185.6737	136.7306	50.9306	187.2672	0.0000	186.0196	125.1847	93.4055	147.1001	8.2440	97.0652	237.3016	78.5230	159.3047	8.0529	194.0893	86.1695	162.2971	166.8511	125.3800	179.9497	93.3287	79.4103	179.5731	13.7513	62.6603	158.2194	99.8531	82.7895	91.9834	99.1566	124.9071	73.8845	176.2466	124.5150	150.2018	179.3728	184.8535	181.2144	164.8425	169.9327	143.0387	161.4144	196.2346	163.7197	147.9275	98.0835	120.8877	135.3788	51.7702	122.2812	50.9010	140.1110	149.6808	52.0072	167.8655	66.8965	160.2051	173.8100	88.4674	128.6570	133.2640	129.5316	154.9699	167.7227	141.9284	109.0288	188.9545	79.8227	150.1303	72.4288	139.9707	88.6953	183.3169	50.6070	39.2600	117.9687	109.5069	190.9841	185.8181	166.1118	98.1714	87.4838	28.1082	82.1111	182.7138	111.7528	203.1461	151.7791	46.4106	185.6214	176.4559	156.6200	90.6820	67.8895	218.1919	147.2771	8.9944	98.1350	51.8672	82.4378	158.0264	111.7471	162.3976	162.1274	131.8961	34.4565	183.3615	174.8967	171.3544	13.3031	59.7876	68.5331	88.4742	159.9459	145.0050	152.9876	226.1229	171.1756	174.4801	154.2434	193.4170	130.0179	129.8196	228.8776	147.9387	243.8189	184.5073	53.2075	165.2411	147.4230	108.3149	78.1850	194.9991	166.4580	146.9121	109.4192	132.2208	164.8879	161.3393	43.7829	193.7782	215.6023	100.2813	152.9621
76.1847	86.2729	172.3766	144.0159	65.7865	110.5250	103.1038	137.2759	75.6073	170.5905	144.0486	115.8074	11.8683	170.7873	135.2034	16.8657	186.0196	0.0000	93.7095	93.6475	81.4962	193.1483	144.7671	56.3597	112.1732	123.7636	188.1848	15.1086	143.4981	25.0801	19.1786	67.0426	56.8946	101.2132	129.0210	9.0867	199.7200	164.5778	29.9804	150.9596	120.1420	122.7574	147.8357	121.5088	127.9545	12.5794	62.7893	51.0234	87.2062	7.5746	121.5323	21.1804	92.5517	44.1008	63.8531	32.8141	25.3173	142.1934	90.3785	137.5830	50.8808	141.5724	108.0149	135.2851	111.0054	123.3609	138.1440	135.2066	141.1722	25.8829	109.5436	101.5410	155.1458	90.4176	121.6213	120.1613	105.4470	160.6232	150.9734	30.5135	107.5076	56.9563	128.6799	66.3128	134.4400	105.2004	171.3519	151.5951	133.1357	89.4624	78.8118	6.4689	47.3950	88.8375	125.4808	195.0839	161.3797	21.0616	74.5270	17.3789	99.1182	139.7143	43.0522	123.6171	142.5969	126.7363	142.8310	33.0253	61.9867	193.7406	113.8800	139.8841	117.1638	127.9512	77.3571	93.1207	114.3010	71.6570	180.9831	41.2679	80.2144	94.9112	198.8078	128.3482	133.9640	152.7601	82.6008	41.0758	53.4970	65.6050	108.1150	36.5905	101.6303	38.3976	62.3462	126.0090	55.2566	38.1831	63.8820	50.3715	140.6707	138.2845	132.4491	77.8101	109.5160	73.7163	107.6707	84.9769	126.1162	81.0939	43.1040	115.6126	143.0183	42.4918	36.6742	98.8390	118.9315
68.2611	73.0064	96.9674	76.2489	38.2871	40.1807	143.6442	158.4771	142.9397	131.6562	131.0438	73.6066	86.4140	183.2657	85.1703	105.1453	125.1847	93.7095	0.0000	50.5967	120.9978	129.7662	52.6363	149.5896	50.9002	161.7972	130.6517	107.8398	132.3992	70.6075	78.9087	81.0689	59.8491	36.3260	47.7305	92.7501	137.0259	137.6372	81.6366	147.5726	42.4981	115.6007	144.5051	28.9405	105.7736	91.2964	48.1907	42.7651	54.2056	97.4211	63.7800	78.1978	145.5984	72.5823	118.1232	85.7953	85.5603	168.7067	44.2320	149.2902	65.5347	73.4184	14.5297	85.6397	140.1661	155.7879	73.9113	174.8188	61.6971	73.5227	53.0328	45.2109	167.4714	8.0798	141.7652	156.5901	46.2456	178.7655	153.0116	79.4421	56.2321	37.6451	53.0201	100.3074	46.0443	60.3091	137.0808	85.9401	143.8149	23.1127	148.7214	89.6763	52.2878	67.8721	40.7296	122.3436	146.0141	104.4017	61.6772	106.2114	29.3119	84.7505	121.2049	60.9874	173.8561	118.8507	62.0502	124.7445	103.7186	130.1008	28.1771	100.3220	42.8259	50.5299	73.5780	141.1663	156.5830	97.0329	105.9801	69.2028	49.8769	46.9986	138.2876	68.8876	108.7369	142.2842	34.8102	67.6849	41.3219	156.3254	157.5103	64.1260	32.6048	123.0310	37.8119	34.7854	148.7152	65.4200	157.1991	66.5529	71.9772	175.5455	161.2324	60.0341	77.2550	147.5444	154.3774	21.7788	132.0466	12.6872	54.1033	157.0668	84.4680	125.9492	130.3661	94.0603	41.1145
27.6986	26.5382	79.6880	50.6826	32.4240	25.3637	102.0823	110.2908	113.4189	87.1862	80.6009	26.5500	92.4295	133.1692	43.9247	97.3453	93.4055	93.6475	50.5967	0.0000	82.5594	100.1274	71.8415	147.4525	20.2592	117.7118	96.5132	103.3227	81.8749	69.2664	74.5357	44.9363	90.5246	19.0561	45.0039	88.0607	106.9305	89.4899	68.0486	96.9799	36.1203	65.1554	93.9208	71.0128	55.5870	85.0159	31.2019	58.3374	98.6053	93.4262	114.1958	72.6690	108.7829	53.1990	87.1087	103.1293	73.5250	121.1702	6.6473	99.8447	44.6844	48.3993	58.5548	44.1664	95.1987	110.4716	44.5653	130.3629	52.9034	67.7898	102.9227	11.5410	117.6222	56.8542	94.2719	112.4016	96.0781	129.4001	102.5480	95.8472	13.8636	59.8036	40.3133	65.2222	56.8918	108.7720	91.0696	57.9544	94.4163	27.5073	119.7455	92.8783	74.7648	19.9988	46.2948	101.5450	96.0272	93.7296	23.7964	110.4401	79.3696	47.0963	102.2743	111.5725	127.1794	68.3166	55.2317	126.4269	71.1339	100.6817	41.8076	54.4600	31.6967	100.0932	31.8405	102.8373	114.3208	59.0504	87.9697	91.2736	92.1825	94.5461	106.5129	34.7021	59.1087	91.8267	79.1889	53.4221	62.0411	142.5097	117.7977	81.8441	82.8236	107.9909	37.4416	78.0256	141.2584	55.5154	154.4552	93.7060	47.6517	130.3627	114.5984	20.0808	27.1598	120.9952	113.9399	67.6413	82.4297	49.9646	72.7641	114.4762	49.7724	109.4483	125.8862	45.3419	91.1518
55.5779	56.7640	151.1882	122.9645	83.2345	107.9212	24.0206	55.9962	38.0305	116.4209	77.4219	85.6942	90.4376	89.8585	101.5521	69.8672	147.1001	81.4962	120.9978	82.5594	0.0000	155.3044	154.3137	108.5839	100.8435	44.5737	145.8348	77.8011	75.7240	75.4753	71.1477	40.0951	123.1526	100.9206	127.2338	72.4635	160.0998	102.8393	57.3443	77.0711	118.5923	58.8062	74.4226	147.9343	73.8907	69.2369	73.0792	95.5580	147.3588	75.0522	175.4725	69.3868	26.2634	54.3372	20.4272	111.7510	59.1118	60.7893	85.4190	58.6040	57.9874	121.7852	133.6092	101.2586	29.5636	42.3379	115.9916	57.2761	133.0503	69.3306	162.6840	94.0573	74.7702	123.4631	41.3849	40.1408	156.5088	79.2343	74.4333	106.8360	91.0321	102.2012	121.3289	21.2340	139.4492	163.5020	113.4951	125.9394	55.0835	101.6637	43.9650	86.3349	106.2111	63.5006	128.8444	166.4853	92.6181	63.6812	61.3007	95.5497	142.9821	108.5138	51.1612	175.0588	61.9142	61.7727	135.6377	100.5163	21.0184	156.0390	123.1340	95.2691	114.1131	170.2100	50.8605	20.4585	36.9459	24.2100	157.5186	112.4086	139.4897	149.6983	157.3040	106.2236	79.8445	82.5891	133.3248	61.3064	101.1331	85.7265	36.5147	102.8796	146.4814	61.1590	85.1499	154.6228	95.2615	66.2814	112.8733	120.3235	121.7389	59.3873	51.1059	64.1651	75.0337	48.6339	33.4886	127.4519	51.8126	112.8913	101.2156	37.8023	113.7473	59.1722	89.8579	47.6800	160.3853
118.8065	109.9815	38.8595	53.8135	131.5979	91.4789	162.9438	144.4734	193.0728	49.3910	91.2380	77.8149	192.5292	143.8667	58.3669	194.7335	8.2440	193.1483	129.7662	100.1274	155.3044	0.0000	98.6801	244.8328	84.4562	167.4220	13.0479	201.4740	94.0743	169.2355	173.9706	133.1549	185.5080	98.9811	83.1592	186.8414	7.2599	69.9330	165.6051	107.4735	87.2683	100.2058	106.8708	127.8179	82.1284	183.5486	131.3107	156.3075	183.8364	192.1408	184.2760	171.9855	178.1753	150.4113	169.5089	202.6063	171.1157	155.7890	104.5641	128.7985	142.6452	56.6552	126.0641	58.3762	148.3165	157.7916	57.6123	175.8833	70.0830	167.2965	177.3203	94.6276	136.1871	137.8394	137.6620	163.1132	171.3733	149.3833	116.6369	195.3351	86.4140	155.9709	76.7680	147.9906	91.4317	187.0942	57.5738	44.3504	125.9616	115.0345	199.1742	192.8014	172.0561	105.6906	91.1184	22.9618	89.4006	190.2569	119.0751	210.2084	155.7054	53.4356	193.5006	179.3694	164.5023	98.8740	70.7880	225.4605	155.2899	0.7596	102.2802	60.0502	87.2788	160.5645	119.4217	170.6409	170.3168	139.9243	32.9897	189.4185	179.6107	175.4709	9.8117	66.0194	76.7710	96.0769	164.5759	152.2004	158.9131	234.0494	179.3991	180.7056	158.0446	201.2124	136.3570	132.4195	236.5883	155.0100	251.4030	190.2861	58.0295	173.2132	155.4282	115.5848	85.8993	203.1535	174.6806	151.5410	117.5388	137.3301	171.0006	169.5202	50.3557	201.6285	223.1258	108.4086	155.9252
98.8978	98.2198	60.1540	55.7441	81.9713	46.6079	173.7707	177.7851	183.3171	119.8099	136.6121	79.2264	138.3812	195.0706	78.3878	154.5344	97.0652	144.7671	52.6363	71.8415	154.3137	98.6801	0.0000	201.0648	55.7653	188.5562	104.4028	158.1968	138.8222	120.5118	128.3857	115.5738	111.1077	53.4807	29.5480	142.6655	105.4807	132.9943	128.1492	155.6013	36.5366	128.2709	153.0993	33.8144	112.1682	140.7165	89.4173	94.5953	97.3977	147.6565	88.3686	127.3019	180.4766	116.0583	157.1494	138.3898	132.8540	189.3011	69.0485	165.1905	107.6959	53.9265	40.4479	78.9906	165.9087	180.7580	58.6728	200.8955	33.6413	122.3171	83.9551	60.4751	181.0807	58.5270	163.0792	183.2572	79.1892	194.0266	163.1777	132.0775	65.9892	90.0749	38.2607	136.1236	15.3781	95.0423	127.5188	63.5160	160.0896	57.5149	189.5192	141.2672	104.9164	91.5238	25.6598	83.9048	147.2354	152.8624	93.7306	158.2436	66.7959	73.6600	166.9031	82.9442	196.1433	130.2688	31.5274	176.6269	141.3902	98.7406	32.5836	96.2552	41.0428	63.1301	103.4617	174.6483	185.8055	130.5262	67.8008	121.6620	95.9328	86.5750	108.3785	61.7115	112.2253	147.1340	81.5248	112.9775	93.7564	204.6771	189.6194	116.7511	67.8715	170.3831	83.9359	36.0940	198.9671	112.2185	208.6236	118.3617	52.6275	200.4697	183.8213	90.4938	88.3534	189.8171	185.7189	70.2432	148.0457	65.1036	106.6797	185.8769	70.0382	172.7831	181.1277	114.6875	60.3481
126.0313	135.1438	227.0200	198.1347	121.7075	166.1729	122.4283	161.3767	81.5162	216.5410	183.3888	167.0363	63.3566	195.1114	186.4662	50.2333	237.3016	56.3597	149.5896	147.4525	108.5839	244.8328	201.0648	0.0000	166.8295	139.8010	238.5594	44.2362	182.1582	81.1623	74.0607	112.6897	103.7960	156.8360	185.0596	59.8370	251.0497	207.0063	79.5806	185.4698	176.0716	162.7636	182.7102	176.7563	172.5148	62.5993	117.6171	106.8333	133.5704	54.5128	168.3409	75.6065	105.4962	94.7259	88.2192	71.9659	74.0601	162.3242	144.9781	166.7785	102.9315	195.8358	163.7038	186.4587	135.7016	143.2466	191.9208	147.8602	196.8852	80.6915	157.6524	156.3230	181.4733	145.7340	149.1895	138.0820	154.8418	183.0248	183.0028	75.3052	161.1396	112.2333	184.2582	103.0175	190.7858	150.8356	215.7596	205.0901	163.5707	145.7011	80.2489	59.9185	100.1422	139.1454	181.7440	248.8235	199.7679	54.5887	126.0385	44.0130	151.6118	191.7180	57.5635	171.5518	159.6605	166.4113	198.6474	25.5144	96.2269	245.4708	170.2273	188.2785	172.9176	179.3383	125.7134	109.9441	129.4505	110.5995	235.4059	87.9824	127.9479	143.4546	249.6075	181.8228	178.7800	190.0818	134.0669	94.0571	108.6275	34.8255	119.3648	88.0497	153.6530	47.7297	118.5200	180.8015	15.9064	92.5289	7.6309	95.7220	195.0463	152.0447	152.8661	129.6675	159.2473	72.6152	121.1760	138.7794	160.0228	136.9118	96.8085	131.0500	195.5541	49.4133	21.7101	142.3451	171.0246
47.4001	44.0809	60.2499	32.0933	47.7440	11.9496	118.8649	122.2606	133.0755	80.7574	84.7937	25.3497	109.8861	141.4293	34.2821	116.9215	78.5230	112.1732	50.9002	20.2592	100.8435	84.4562	55.7653	166.8295	0.0000	132.9511	82.8025	122.6058	86.6326	87.3362	93.2695	64.6973	101.5643	15.2726	26.8282	107.1412	91.5408	87.6637	87.7705	102.9695	19.3404	73.5459	100.1921	63.2324	59.3580	104.2447	49.4118	71.8693	104.0056	112.5067	113.5033	91.5201	127.0960	73.1386	106.8137	118.3978	93.1938	133.6816	21.8626	110.1501	64.5287	29.5215	53.7890	34.7450	110.2993	125.0361	26.9638	145.1968	32.8346	86.5222	103.5663	10.6537	126.7516	58.5978	107.3394	127.6639	96.8727	139.3556	109.7926	111.1524	10.2511	71.6073	20.5507	84.6523	40.3896	111.2085	86.3145	40.5421	104.9298	31.4842	139.4255	110.8546	87.6207	37.3551	30.4441	83.1807	98.0283	113.5369	44.0020	128.5653	79.9721	34.4631	122.5287	109.9639	140.4179	75.9442	35.2588	145.1495	90.8421	84.9332	31.1567	49.8276	14.9729	95.4874	51.0045	120.7965	130.5835	78.0334	68.8101	104.9627	98.6015	97.7773	91.8231	18.9923	60.9234	95.8712	84.2213	72.8312	74.4850	162.7160	135.0778	96.3361	83.0815	128.1606	52.2834	70.0326	161.1127	74.4038	173.9362	105.9873	28.5429	144.7173	128.0680	40.2488	33.0263	140.9211	130.9983	71.4972	92.8276	55.1480	86.5601	130.5767	35.2344	129.6699	145.3778	58.9759	87.6230
93.7848	91.2917	173.1962	147.9667	125.2547	142.1827	20.8755	27.8983	58.3506	120.9665	77.1878	112.2421	133.5805	57.3683	123.1022	110.1607	159.3047	123.7636	161.7972	117.7118	44.5737	167.4220	188.5562	139.8010	132.9511	0.0000	155.8536	117.5651	74.4969	119.9374	115.2350	81.4059	167.7241	136.7641	159.7330	114.9669	170.6234	102.3996	101.6710	65.9531	152.0267	68.4984	64.9264	187.1572	87.7485	112.0258	115.1174	139.7319	191.6579	116.7856	218.8922	113.5716	34.3511	98.7126	59.9107	155.1855	103.0123	23.5009	122.0388	41.5786	101.6585	147.5300	173.3603	122.6451	22.6525	9.6524	141.3519	13.0664	162.6176	113.7798	206.1747	128.5349	47.2677	165.1610	29.7992	5.3108	199.8436	44.4990	58.6453	150.6600	122.7007	146.2214	152.3861	65.2562	173.2298	207.5219	115.1414	148.2806	42.6216	140.7649	60.5449	129.1166	150.7631	97.7143	162.9432	183.2488	85.7954	104.2154	100.2484	136.0951	185.6483	130.2870	86.6904	218.1535	19.8919	69.0355	165.3313	137.6294	65.5561	168.1815	159.5135	111.0660	147.5146	211.9291	88.5199	31.1572	10.3516	65.8863	177.8123	156.7739	183.8003	193.5452	166.8030	132.9820	91.9272	76.0877	177.0447	105.7220	145.3388	109.8366	21.3821	147.3653	189.1976	96.2166	127.7842	194.0551	124.5804	110.7695	142.3088	164.8047	147.8870	14.8250	15.7853	102.3075	101.8176	68.1226	18.6948	170.3864	49.8856	154.9244	145.7802	8.7632	135.7877	93.0143	124.5737	74.0201	202.2053
