# EVRP Instance: C50R8-2
# Generated following Zhang, Gajpal, Appadoo & Abdulkader (2018)
# Int. J. Production Economics, 203, 404-413
#
# Node indexing:
#   0          = Depot
#   1..50       = Customers
#   51..58     = Recharging Stations
#
# Coordinates in miles. Distances computed as Euclidean.
# Speeds in km/h. Demands in tons.
# Energy formula: E_ij = eff_d * eff_m * [alpha*(w+L)*d + beta*s^2*d]
#   with d in meters, s in m/s

NAME: C50R8-2
CUSTOMERS: 50
STATIONS: 8
TOTAL_NODES: 59
VEHICLE_CAPACITY_TONS: 3.0
BATTERY_CAPACITY_KWH: 110.0
CURB_WEIGHT_KG: 2500
ALPHA: 0.0981
BETA: 2.11
EFF_MOTOR: 1.25
EFF_BATTERY_DISCHARGE: 1.11
EFF_RECHARGE: 1.25
EMISSION_RATE_KG_PER_KWH: 0.69
MAX_VEHICLES: 4
GRID_SIZE_MILES: 200
MILES_TO_METERS: 1609.34

NODE_COORD_SECTION
# NodeID  Type       X_miles   Y_miles   Demand_tons
0	D	100.00	100.00	0.0000
1	C	42.59	58.37	0.1414
2	C	30.82	28.08	0.0694
3	C	198.97	192.52	0.1064
4	C	168.18	178.23	0.1437
5	C	120.08	78.06	0.0869
6	C	142.99	152.89	0.1179
7	C	47.90	48.15	0.0893
8	C	198.37	132.05	0.1293
9	C	51.71	87.77	0.0781
10	C	149.39	7.62	0.1185
11	C	161.29	90.46	0.1270
12	C	86.88	175.95	0.0580
13	C	148.02	197.73	0.0597
14	C	11.55	93.07	0.0991
15	C	179.82	66.51	0.0858
16	C	106.45	178.98	0.1082
17	C	65.72	91.63	0.1100
18	C	88.30	135.01	0.1278
19	C	92.31	172.85	0.1031
20	C	117.92	70.85	0.1018
21	C	7.99	168.08	0.0525
22	C	86.19	49.83	0.1494
23	C	1.77	98.19	0.1326
24	C	45.66	31.93	0.1097
25	C	127.57	159.87	0.1387
26	C	124.12	176.77	0.0778
27	C	40.99	160.74	0.1179
28	C	111.47	189.65	0.0656
29	C	93.26	141.03	0.0732
30	C	105.54	134.70	0.1197
31	C	188.64	140.26	0.0898
32	C	66.57	92.73	0.1089
33	C	113.57	166.07	0.0656
34	C	132.18	69.63	0.0927
35	C	193.28	105.57	0.1045
36	C	107.25	116.55	0.0982
37	C	67.60	120.57	0.0579
38	C	77.52	192.31	0.0933
39	C	85.71	48.75	0.0963
40	C	137.35	199.82	0.0646
41	C	54.82	82.27	0.1411
42	C	106.88	112.15	0.0527
43	C	122.72	150.86	0.0718
44	C	92.66	76.11	0.1081
45	C	113.37	197.21	0.0769
46	C	46.92	134.10	0.1286
47	C	8.00	136.94	0.1423
48	C	12.25	49.47	0.0778
49	C	44.20	45.35	0.1242
50	C	42.12	162.64	0.1344
51	S	132.55	199.67	0.0000
52	S	81.18	64.26	0.0000
53	S	72.41	38.74	0.0000
54	S	146.79	52.60	0.0000
55	S	143.11	123.70	0.0000
56	S	179.74	137.50	0.0000
57	S	36.26	57.30	0.0000
58	S	191.86	89.20	0.0000

DISTANCE_MATRIX_MILES
0.0000	70.9152	99.7916	135.4807	103.7711	29.7417	68.1578	73.5040	103.4595	49.8146	104.7542	62.0280	77.0749	108.8902	88.7211	86.5610	79.2429	35.2870	36.9133	73.2548	34.2177	114.4584	52.0360	98.2467	87.0997	65.9130	80.4699	84.6849	90.3808	41.5799	35.1395	97.3546	34.2114	67.4492	44.2480	93.4462	18.0683	38.3782	95.0078	53.2049	106.5789	48.5344	13.9627	55.7040	24.9922	98.1251	63.0896	99.1391	101.2588	78.1042	85.2870	104.8504	40.3923	67.1863	66.6038	49.1951	88.1176	76.7208	92.4927
70.9152	0.0000	32.4964	206.0362	173.6066	79.9525	137.8920	11.5171	172.3257	30.7820	118.2447	122.9612	125.6450	174.7475	46.5572	137.4712	136.4730	40.5120	89.2362	124.8109	76.3568	115.0367	44.4285	57.0255	26.6176	132.3777	143.7557	102.3825	148.2528	96.9542	98.9392	167.4413	41.9005	128.9862	90.2948	157.9092	86.9818	67.0398	138.4198	44.1801	170.2573	26.8474	83.8182	122.3733	53.1198	155.8408	75.8537	85.8470	31.6184	13.1192	104.2711	167.5067	39.0369	35.7011	104.3596	119.8844	158.3404	6.4198	152.4205
99.7916	32.4964	0.0000	235.1913	203.5013	102.3003	167.8084	26.3540	197.1871	63.2399	120.3223	144.6156	158.1400	206.1964	67.7867	153.8761	168.7919	72.5025	121.4001	157.2875	97.0344	141.8492	59.4886	75.8901	15.3313	163.4906	175.5380	133.0493	180.5804	129.0599	130.1956	193.6272	73.8761	160.9000	109.5457	179.9943	116.9123	99.5348	170.7407	58.6529	202.0972	59.2668	113.3706	153.3641	78.3011	188.2006	107.2355	111.2261	28.3263	21.8467	135.0336	199.4796	62.0090	42.9344	118.5338	147.4864	184.7969	29.7221	172.2485
135.4807	206.0362	235.1913	0.0000	33.9445	139.0134	68.5879	208.9613	60.4730	180.7154	191.4319	108.7935	113.3081	51.2157	212.1711	127.4568	93.5055	167.1357	124.7207	108.4586	146.1940	192.5375	181.8784	218.6001	222.0205	78.5110	76.4891	161.1448	87.5471	117.5833	109.8741	53.2712	165.7945	89.4023	139.8673	87.1360	119.0966	149.7828	121.4502	183.0236	62.0509	181.4781	122.2289	86.8885	157.6487	85.7284	162.8868	198.8936	235.2183	213.5714	159.6707	66.8037	174.1411	199.1626	149.3330	88.6371	58.2837	211.5632	103.5643
103.7711	173.6066	203.5013	33.9445	0.0000	111.1199	35.7303	177.1668	55.1727	147.4730	171.6416	88.0400	81.3320	28.0477	178.2840	112.3247	61.7346	134.1552	90.8228	76.0605	118.5602	160.5112	152.3447	184.6583	190.8267	44.5675	44.0842	128.3869	57.8484	83.6472	76.2799	43.1316	132.7962	55.9475	114.4114	76.8732	86.7000	115.9354	91.7468	153.5134	37.6380	148.5221	90.1347	53.0634	127.0109	58.0032	129.0405	165.4161	202.2209	181.7364	127.0204	41.5833	143.3812	169.2021	127.4379	60.0169	42.3387	178.9608	92.1254
29.7417	79.9525	102.3003	139.0134	111.1199	0.0000	78.2585	78.1317	95.1012	69.0561	76.2946	43.0351	103.3668	122.8884	109.5630	60.8463	101.8363	56.0282	65.2171	98.7741	7.5266	143.7629	44.1074	120.0103	87.5575	82.1522	98.7926	114.4168	111.9217	68.4437	58.4765	92.5706	55.4845	88.2504	14.7470	78.1987	40.5720	67.5370	121.9197	45.1705	122.9787	65.3957	36.5564	72.8479	27.4893	119.3388	92.1568	126.6048	111.5558	82.6300	115.0284	122.2477	41.2753	61.7939	36.9003	51.1213	84.2166	86.3526	72.6393
68.1578	137.8920	167.8084	68.5879	35.7303	78.2585	0.0000	141.4658	59.1714	112.1278	145.4109	65.0569	60.6638	45.1212	144.4123	93.9040	44.8983	98.6075	57.5386	54.4689	85.7850	135.8519	117.6758	151.4436	155.2561	16.9262	30.4357	102.3016	48.4232	51.1247	41.6339	47.3650	97.2586	32.2374	83.9588	69.0526	50.9700	82.0258	76.4216	118.8534	47.2677	112.9652	54.4397	20.3714	91.8056	53.3067	97.8903	135.9290	166.6993	146.0285	101.3401	47.9308	108.0544	134.2079	100.3620	29.1902	39.8424	143.2785	80.2788
73.5040	11.5171	26.3540	208.9613	177.1668	78.1317	141.4658	0.0000	172.2801	39.8028	109.2836	121.0266	133.6124	179.9950	57.7852	133.1915	143.3338	46.9900	95.7957	132.3720	73.6077	126.3963	38.3268	68.0586	16.3739	137.2176	149.5078	112.8018	155.1238	103.3645	103.9869	168.2023	48.3316	134.9729	86.9742	156.3087	90.5593	75.0516	147.1715	37.8148	176.0826	34.8147	87.0324	127.0723	52.7752	162.8042	85.9556	97.3431	35.6744	4.6400	114.6358	173.5625	36.9742	26.2543	98.9901	121.5432	159.2646	14.8058	149.6983
103.4595	172.3257	197.1871	60.4730	55.1727	95.1012	59.1714	172.2801	0.0000	153.1988	133.7231	55.7194	119.8217	82.7586	190.8433	68.1146	103.2071	138.6716	110.1098	113.6370	101.0824	193.7594	139.0844	199.4945	182.6044	76.0697	86.6772	159.9737	104.2563	105.4929	92.8678	12.7309	137.5402	91.3696	90.9801	26.9648	92.4289	131.2729	135.0407	140.1113	91.1933	151.9363	93.6292	77.9534	119.5989	107.1019	151.4639	190.4328	203.6176	176.8765	159.2162	94.3649	135.3846	156.7567	94.7249	55.8873	19.4108	178.5139	43.3417
49.8146	30.7820	63.2399	180.7154	147.4730	69.0561	112.1278	39.8028	153.1988	0.0000	126.3543	109.6130	94.9349	146.1739	40.5082	129.8621	106.3754	14.5320	59.7532	94.2707	68.3378	91.4392	51.2671	51.0155	56.1668	104.6573	114.7354	73.7532	118.1135	67.5502	71.4149	146.6459	15.6659	99.7875	82.4893	142.6846	62.5538	36.4463	107.6790	51.7548	141.0298	6.3184	60.3168	94.9883	42.5777	125.6148	46.5770	65.7895	54.9907	43.0797	75.4817	138.0461	37.6988	53.2206	101.3762	98.2086	137.3490	34.1632	140.1573
104.7542	118.2447	120.3223	191.4319	171.6416	76.2946	145.4109	109.2836	133.7231	126.3543	0.0000	83.6904	179.5619	190.1149	162.1776	66.2874	176.6581	118.5679	141.2806	174.8116	70.6286	213.8723	75.9995	173.1895	106.5406	153.8056	171.0272	187.6068	185.9378	144.7370	134.4327	138.3255	118.7555	162.4484	64.3539	107.3338	116.7969	139.4536	198.1810	75.8078	192.5767	120.4828	112.8433	145.7017	88.9335	192.9814	162.7799	191.6111	143.3834	111.7519	188.5154	192.7869	88.6606	83.0324	45.0551	116.2498	133.3789	123.5577	91.9728
62.0280	122.9612	144.6156	108.7935	88.0400	43.0351	65.0569	121.0266	55.7194	109.6130	83.6904	0.0000	113.3375	108.0877	149.7627	30.2814	104.1308	95.5772	85.5117	107.4540	47.5974	171.8306	85.3862	159.7072	129.5996	77.1673	93.9735	139.3247	110.9986	84.7668	71.1705	56.8160	94.7472	89.4096	35.7950	35.3790	60.0084	98.4095	131.8743	86.3253	111.9497	106.7845	58.5739	71.6645	70.1142	117.0123	122.4130	160.1818	154.5739	125.4790	139.3249	112.9283	84.2855	102.8329	40.5417	37.8868	50.5288	129.3526	30.5960
77.0749	125.6450	158.1400	113.3081	81.3320	103.3668	60.6638	133.6124	119.8217	94.9349	179.5619	113.3375	0.0000	64.9035	111.9987	143.5791	19.8032	86.9345	40.9646	6.2526	109.5878	79.2816	126.1219	115.2837	149.8027	43.7521	37.2490	48.3450	28.1489	35.4980	45.2743	107.8373	85.6625	28.4600	115.5683	127.5708	62.7957	58.6401	18.8483	127.2054	55.8301	99.0141	66.8613	43.7494	100.0072	33.9663	57.8638	87.9991	146.8565	137.3970	46.6970	51.4625	111.8354	137.9709	137.1292	76.7586	100.5056	128.9969	136.1850
108.8902	174.7475	206.1964	51.2157	28.0477	122.8884	45.1212	179.9950	82.7586	146.1739	190.1149	108.0877	64.9035	0.0000	171.9819	135.0183	45.6029	134.2777	86.6041	61.0133	130.4015	143.1346	160.3040	176.9104	194.8518	43.0300	31.7889	113.2417	37.4325	78.8261	76.0088	70.3760	132.8876	46.7884	129.0756	102.6739	90.8426	111.4497	70.7080	161.4855	10.8728	148.3821	94.9549	53.2624	133.6269	34.6539	119.4571	152.6467	201.0336	184.3862	111.5622	15.5912	149.2710	176.0531	145.1352	74.1926	68.0721	179.4739	117.0500
88.7211	46.5572	67.7867	212.1711	178.2840	109.5630	144.4123	57.7852	190.8433	40.5082	162.1776	149.7627	111.9987	171.9819	0.0000	170.3532	128.0099	54.1891	87.4616	113.5210	108.6660	75.0944	86.2602	11.0391	70.0114	133.8764	140.2772	73.7966	138.9666	94.7454	102.7968	183.2696	55.0211	125.4475	122.8863	182.1594	98.5383	62.4328	119.1663	86.3943	164.9885	44.5975	97.2207	125.2935	82.8642	145.6450	54.1710	44.0134	43.6056	57.8206	75.9902	161.2593	75.3548	81.5824	141.1654	135.0786	173.9595	43.4750	180.3515
86.5610	137.4712	153.8761	127.4568	112.3247	60.8463	93.9040	133.1915	68.1146	129.8621	66.2874	30.2814	143.5791	135.0183	170.3532	0.0000	134.2857	116.8325	114.3161	137.7178	62.0520	199.6046	95.1041	180.8464	138.5449	106.9867	123.5304	167.7887	140.8374	114.2185	100.8335	74.2755	116.2456	119.5879	47.7421	41.3141	88.1499	124.5625	162.1448	95.7711	139.9116	125.9896	86.0422	101.8594	87.6871	146.6223	149.1000	185.6946	168.4342	137.2608	167.9353	141.3012	98.6657	110.9418	35.8395	67.9582	70.9900	143.8551	25.6865
79.2429	136.4730	168.7919	93.5055	61.7346	101.8363	44.8983	143.3338	103.2071	106.3754	176.6581	104.1308	19.8032	45.6029	128.0099	134.2857	0.0000	96.3792	47.5687	15.4116	108.7366	99.0615	130.7295	132.2306	159.1198	28.4824	17.8077	67.9537	11.7919	40.1768	44.2893	90.8539	95.0236	14.7432	112.3363	113.7035	62.4351	70.1502	31.8533	131.8712	37.2708	109.6288	66.8314	32.4876	103.7902	19.4992	74.5522	107.0503	160.1452	147.4179	66.3728	33.3059	117.4702	144.3121	132.6621	66.3312	84.2141	140.4730	123.9166
35.2870	40.5120	72.5025	167.1357	134.1552	56.0282	98.6075	46.9900	138.6716	14.5320	118.5679	95.5772	86.9345	134.2777	54.1891	116.8325	96.3792	0.0000	48.9048	85.4618	56.1841	95.7985	46.5431	64.2856	62.9801	92.0984	103.2443	73.4014	108.1711	56.5580	58.6571	132.1900	1.3901	88.4926	70.0067	128.3194	48.4329	29.0010	101.3691	47.3106	129.7534	14.3673	45.9915	82.2021	31.0907	115.8346	46.4450	73.3798	68.0919	51.0387	74.8290	127.0389	31.4345	53.3114	89.9760	83.7717	122.9008	45.2376	126.1634
36.9133	89.2362	121.4001	124.7207	90.8228	65.2171	57.5386	95.7957	110.1098	59.7532	141.2806	85.5117	40.9646	86.6041	87.4616	114.3161	47.5687	48.9048	0.0000	38.0519	70.6672	86.8523	85.2061	94.0380	111.5511	46.4774	55.0179	53.8541	59.3496	7.8001	17.2428	100.4773	47.5373	40.0412	78.7401	109.0299	26.4551	25.2389	58.3052	86.2989	81.2788	62.4693	29.4584	37.8940	59.0612	67.0622	41.3900	80.3232	114.4583	99.9186	53.8146	78.3516	71.1074	97.5726	101.0569	55.9647	91.4739	93.5254	113.2397
73.2548	124.8109	157.2875	108.4586	76.0605	98.7741	54.4689	132.3720	113.6370	94.2707	174.8116	107.4540	6.2526	61.0133	113.5210	137.7178	15.4116	85.4618	38.0519	0.0000	105.1659	84.4548	123.1721	117.3525	148.4408	37.5732	32.0506	52.7294	25.4823	31.8342	40.3789	101.6935	84.1532	22.3149	110.6525	121.3324	58.2486	57.8254	24.4425	124.2754	52.4975	98.0318	62.4242	37.5277	96.7406	32.2014	59.6809	91.6390	147.0790	136.2748	51.2180	48.3588	109.1589	135.5784	132.0157	70.6850	94.3060	128.4267	130.0289
34.2177	76.3568	97.0344	146.1940	118.5602	7.5266	85.7850	73.6077	101.0824	68.3378	70.6286	47.5974	109.5878	130.4015	108.6660	62.0520	108.7366	56.1841	70.6672	105.1659	0.0000	146.7593	38.0609	119.3243	82.0748	89.5415	106.1013	118.3150	118.9750	74.3865	65.0391	99.0912	55.8172	95.3193	14.3121	82.9735	46.9291	70.7402	128.0027	39.0627	130.4254	64.1251	42.7501	80.1539	25.8018	126.4419	95.0871	128.2587	107.8112	78.0057	119.0422	129.6481	37.3263	55.6975	34.1546	58.5462	90.9062	82.7766	76.1830
114.4584	115.0367	141.8492	192.5375	160.5112	143.7629	135.8519	126.3963	193.7594	91.4392	213.8723	171.8306	79.2816	143.1346	75.0944	199.6046	99.0615	95.7985	86.8523	84.4548	146.7593	0.0000	141.7685	70.1662	141.2652	119.8615	116.4547	33.8064	105.7042	89.4577	103.1030	182.7796	95.4423	105.5991	158.4789	195.5502	111.8387	76.2270	73.6309	142.4080	133.1970	97.7569	113.6107	116.0151	125.0100	109.3321	51.6738	31.1400	118.6865	127.9602	34.5608	128.5034	127.0251	144.4949	180.5577	142.2217	174.4511	114.3302	200.0756
52.0360	44.4285	59.4886	181.8784	152.3447	44.1074	117.6758	38.3268	139.0844	51.2671	75.9995	85.3862	126.1219	160.3040	86.2602	95.1041	130.7295	46.5431	85.2061	123.1721	38.0609	141.7685	0.0000	97.2904	44.3068	117.5632	132.4857	119.7667	142.0870	91.4736	87.0479	136.6513	47.1737	119.4211	50.0712	120.7279	69.9649	73.1419	142.7435	1.1819	158.4751	45.1268	65.6647	107.4314	27.0647	149.8653	92.9708	117.0548	73.9409	42.2283	121.1126	156.8479	15.2750	17.6883	60.6633	93.2559	128.2093	50.4857	112.7659
98.2467	57.0255	75.8901	218.6001	184.6583	120.0103	151.4436	68.0586	199.4945	51.0155	173.1895	159.7072	115.2837	176.9104	11.0391	180.8464	132.2306	64.2856	94.0380	117.3525	119.3243	70.1662	97.2904	0.0000	79.4778	140.1073	145.4109	73.8289	142.8251	101.0232	110.0054	191.5471	65.0296	130.7935	133.5007	191.6521	107.0660	69.5302	120.8165	97.4178	169.4420	55.3873	106.0330	131.9205	93.5335	149.1962	57.6893	39.2476	49.8344	67.7670	76.0390	165.5343	86.3550	92.3272	152.0173	143.6237	182.2597	53.4935	190.3025
87.0997	26.6176	15.3313	222.0205	190.8267	87.5575	155.2561	16.3739	182.6044	56.1668	106.5406	129.5996	149.8027	194.8518	70.0114	138.5449	159.1198	62.9801	111.5511	148.4408	82.0748	141.2652	44.3068	79.4778	0.0000	151.9141	164.7258	128.8946	170.8993	119.0318	118.9424	179.3841	64.2952	150.3506	94.3769	164.9682	104.6607	91.3149	163.5139	43.4386	191.2959	51.1666	100.9115	141.7130	64.5048	178.6117	102.1778	111.5588	37.7343	13.4992	130.7579	188.9089	48.0302	27.6032	103.2208	133.8590	170.6531	27.0554	157.0169
65.9130	132.3777	163.4906	78.5110	44.5675	82.1522	16.9262	137.2176	76.0697	104.6573	153.8056	77.1673	43.7521	43.0300	133.8764	106.9867	28.4824	92.0984	46.4774	37.5732	89.5415	119.8615	117.5632	140.1073	151.9141	0.0000	17.2486	86.5844	33.8535	39.1423	33.4492	64.1412	90.7126	15.3114	90.3577	85.2426	47.8490	71.7000	59.6436	118.7431	41.1297	106.3688	52.0123	10.2324	90.7438	39.9489	84.6671	121.7488	159.6461	141.6523	85.4949	40.1104	106.2700	133.0981	108.9783	39.3670	56.7638	137.3249	95.5377
80.4699	143.7557	175.5380	76.4891	44.0842	98.7926	30.4357	149.5078	86.6772	114.7354	171.0272	93.9735	37.2490	31.7889	140.2772	123.5304	17.8077	103.2443	55.0179	32.0506	106.1013	116.4547	132.4857	145.4109	164.7258	17.2486	0.0000	84.6614	18.0532	47.2196	45.9902	74.1337	101.8564	15.0264	107.4427	99.2600	62.5384	79.7054	49.1228	133.6580	26.5770	117.1868	66.8802	25.9478	105.4617	23.0945	88.2075	122.7611	169.4703	153.8129	83.2085	24.4024	120.4257	147.3981	126.2225	56.3653	68.0861	148.2986	110.7123
84.6849	102.3825	133.0493	161.1448	128.3869	114.4168	102.3016	112.8018	159.9737	73.7532	187.6068	139.3247	48.3450	113.2417	73.7966	167.7887	67.9537	73.4014	53.8541	52.7294	118.3150	33.8064	119.7667	73.8289	128.8946	86.5844	84.6614	0.0000	76.1789	55.8627	69.6045	149.0636	72.6615	72.7754	128.9056	161.9752	79.6439	48.1842	48.2815	120.5887	103.9832	79.6794	81.8687	82.3250	99.1566	81.0489	27.2920	40.6790	114.9217	115.4346	2.2106	99.4926	104.5162	125.9810	151.2875	108.6299	140.6828	103.5481	166.9722
90.3808	148.2528	180.5804	87.5471	57.8484	111.9217	48.4232	155.1238	104.2563	118.1135	185.9378	110.9986	28.1489	37.4325	138.9666	140.8374	11.7919	108.1711	59.3496	25.4823	118.9750	105.7042	142.0870	142.8251	170.8993	33.8535	18.0532	76.1789	0.0000	51.9183	55.2690	91.6219	106.8152	23.6733	121.7937	117.3129	73.2217	81.8329	34.0540	143.2354	27.8065	121.4071	77.6358	40.3884	115.0876	7.7951	85.1616	116.1223	171.7412	159.2097	74.4242	23.3402	128.9967	155.8830	141.5281	73.1471	85.9093	152.2270	128.6575
41.5799	96.9542	129.0599	117.5833	83.6472	68.4437	51.1247	103.3645	105.4929	67.5502	144.7370	84.7668	35.4980	78.8261	94.7454	114.2185	40.1768	56.5580	7.8001	31.8342	74.3865	89.4577	91.4736	101.0232	119.0318	39.1423	47.2196	55.8627	51.9183	0.0000	13.8155	95.3831	55.1837	32.2412	81.3187	106.1198	28.1956	32.8184	53.6413	92.5883	73.4860	70.2166	31.9305	31.0567	64.9228	59.6708	46.8553	85.3580	122.2532	107.5246	55.5184	70.5858	77.7146	104.3933	103.3698	52.7764	86.5520	101.2902	111.3926
35.1395	98.9392	130.1956	109.8741	76.2799	58.4765	41.6339	103.9869	92.8678	71.4149	134.4327	71.1705	45.2743	76.0088	102.7968	100.8335	44.2893	58.6571	17.2428	40.3789	65.0391	103.1030	87.0479	110.0054	118.9424	33.4492	45.9902	69.6045	55.2690	13.8155	0.0000	83.2858	57.2725	32.3814	70.3121	92.4493	18.2304	40.4858	64.0627	88.2079	72.4741	72.9481	22.5898	23.5860	59.9890	62.9985	58.6231	97.5657	126.3613	108.3790	69.3018	70.3608	74.5332	101.5181	91.8802	39.1472	74.2528	103.8772	97.5776
97.3546	167.4413	193.6272	53.2712	43.1316	92.5706	47.3650	168.2023	12.7309	146.6459	138.3255	56.8160	107.8373	70.3760	183.2696	74.2755	90.8539	132.1900	100.4773	101.6935	99.0912	182.7796	136.6513	191.5471	179.3841	64.1412	74.1337	149.0636	91.6219	95.3831	83.2858	0.0000	130.9969	79.3830	90.4231	34.9989	84.7732	122.6311	122.7064	137.7268	78.6006	145.8445	86.4573	66.7668	115.4443	94.3868	141.8538	180.6705	198.3841	172.8318	148.2193	81.7046	131.6193	154.3234	97.1375	48.4481	9.3181	173.4994	51.1614
34.2114	41.9005	73.8761	165.7945	132.7962	55.4845	97.2586	48.3316	137.5402	15.6659	118.7555	94.7472	85.6625	132.8876	55.0211	116.2456	95.0236	1.3901	47.5373	84.1532	55.8172	95.4423	47.1737	65.0296	64.2952	90.7126	101.8564	72.6615	106.8152	55.1837	57.2725	130.9969	0.0000	87.1077	69.5578	127.3589	47.1408	27.8590	100.1802	47.9644	128.3670	15.7313	44.7441	80.8203	30.9340	114.4828	45.7996	73.3823	69.4413	52.3954	74.0622	125.6564	31.9999	54.3049	89.6976	82.5682	121.7037	46.6260	125.3397
67.4492	128.9862	160.9000	89.4023	55.9475	88.2504	32.2374	134.9729	91.3696	99.7875	162.4484	89.4096	28.4600	46.7884	125.4475	119.5879	14.7432	88.4926	40.0412	22.3149	95.3193	105.5991	119.4211	130.7935	150.3506	15.3114	15.0264	72.7754	23.6733	32.2412	32.3814	79.3830	87.1077	0.0000	98.2192	100.0696	49.9217	64.6799	44.5886	120.5826	41.2862	102.3426	54.3334	17.7501	92.3582	31.1406	73.9209	109.5152	154.4710	139.2319	71.5323	38.5902	106.8381	133.8173	118.2329	51.6510	72.0744	133.4457	109.7193
44.2480	90.2948	109.5457	139.8673	114.4114	14.7470	83.9588	86.9742	90.9801	82.4893	64.3539	35.7950	115.5683	129.0756	122.8863	47.7421	112.3363	70.0067	78.7401	110.6525	14.3121	158.4789	50.0712	133.5007	94.3769	90.3577	107.4427	128.9056	121.7937	81.3187	70.3121	90.4231	69.5578	98.2192	0.0000	70.8865	53.1318	82.2524	134.3060	50.9454	130.2926	78.3858	49.4777	81.7790	40.0477	128.9592	106.8908	141.2491	121.6126	91.2688	129.4668	130.0405	51.2819	67.2803	22.4382	55.1637	82.8752	96.7092	62.8067
93.4462	157.9092	179.9943	87.1360	76.8732	78.1987	69.0526	156.3087	26.9648	142.6846	107.3338	35.3790	127.5708	102.6739	182.1594	41.3141	113.7035	128.3194	109.0299	121.3324	82.9735	195.5502	120.7279	191.6521	164.9682	85.2426	99.2600	161.9752	117.3129	106.1198	92.4493	34.9989	127.3589	100.0696	70.8865	0.0000	86.7279	126.5720	144.6520	121.6545	109.5957	140.4068	86.6502	83.8445	104.8441	121.5874	149.1148	187.9169	189.5233	160.7834	161.5745	111.9953	119.4694	138.1152	70.4779	53.3453	34.6822	164.2719	16.4315
18.0683	86.9818	116.9123	119.0966	86.7000	40.5720	50.9700	90.5593	92.4289	62.5538	116.7969	60.0084	62.7957	90.8426	98.5383	88.1499	62.4351	48.4329	26.4551	58.2486	46.9291	111.8387	69.9649	107.0660	104.6607	47.8490	62.5384	79.6439	73.2217	28.1956	18.2304	84.7732	47.1408	49.9217	53.1318	86.7279	0.0000	39.8533	81.3846	71.1394	88.5432	62.6420	4.4155	37.6364	42.9914	80.8918	62.8308	101.3228	116.2959	95.1039	79.7885	86.8851	58.4285	85.2539	75.1865	36.5659	75.4566	92.4670	88.9206
38.3782	67.0398	99.5348	149.7828	115.9354	67.5370	82.0258	75.0516	131.2729	36.4463	139.4536	98.4095	58.6401	111.4497	62.4328	124.5625	70.1502	29.0010	25.2389	57.8254	70.7402	76.2270	73.1419	69.5302	91.3149	71.7000	79.7054	48.1842	81.8329	32.8184	40.4858	122.6311	27.8590	64.6799	82.2524	126.5720	39.8533	0.0000	72.4226	74.0681	105.5728	40.3760	40.1723	62.8943	51.0362	89.2669	24.7128	61.8073	90.1046	78.7757	49.1845	102.3490	57.9244	81.9712	104.3598	75.5748	113.4108	70.6066	128.1586
95.0078	138.4198	170.7407	121.4502	91.7468	121.9197	76.4216	147.1715	135.0407	107.6790	198.1810	131.8743	18.8483	70.7080	119.1663	162.1448	31.8533	101.3691	58.3052	24.4425	128.0027	73.6309	142.7435	120.8165	163.5139	59.6436	49.1228	48.2815	34.0540	53.6413	64.0627	122.7064	100.1802	44.5886	134.3060	144.6520	81.3846	72.4226	0.0000	143.7934	60.2995	112.3570	85.3676	61.3282	117.1822	36.1833	65.7629	88.8756	157.0460	150.6900	46.1895	55.5200	128.1023	153.6550	155.9398	94.9178	115.9873	141.1740	153.9653
53.2049	44.1801	58.6529	183.0236	153.5134	45.1705	118.8534	37.8148	140.1113	51.7548	75.8078	86.3253	127.2054	161.4855	86.3943	95.7711	131.8712	47.3106	86.2989	124.2754	39.0627	142.4080	1.1819	97.4178	43.4386	118.7431	133.6580	120.5887	143.2354	92.5883	88.2079	137.7268	47.9644	120.5826	50.9454	121.6545	71.1394	74.0681	143.7934	0.0000	159.6522	45.5827	66.8411	108.6103	28.2289	151.0147	93.7512	117.5428	73.4635	41.6490	121.9468	158.0216	16.1580	16.6460	61.2012	94.4048	129.2989	50.1837	113.5959
106.5789	170.2573	202.0972	62.0509	37.6380	122.9787	47.2677	176.0826	91.1933	141.0298	192.5767	111.9497	55.8301	10.8728	164.9885	139.9116	37.2708	129.7534	81.2788	52.4975	130.4254	133.1970	158.4751	169.4420	191.2959	41.1297	26.5770	103.9832	27.8065	73.4860	72.4741	78.6006	128.3670	41.2862	130.2926	109.5957	88.5432	105.5728	60.2995	159.6522	0.0000	143.6287	92.8141	51.0991	131.5346	24.1216	111.7887	143.8239	195.5892	180.3827	102.2306	4.8023	146.7364	173.6778	147.5223	76.3376	75.3704	174.7316	123.3212
48.5344	26.8474	59.2668	181.4781	148.5221	65.3957	112.9652	34.8147	151.9363	6.3184	120.4828	106.7845	99.0141	148.3821	44.5975	125.9896	109.6288	14.3673	62.4693	98.0318	64.1251	97.7569	45.1268	55.3873	51.1666	106.3688	117.1868	79.6794	121.4071	70.2166	72.9481	145.8445	15.7313	102.3426	78.3858	140.4068	62.6420	40.3760	112.3570	45.5827	143.6287	0.0000	60.0255	96.5142	38.3381	128.9934	52.4286	71.9786	53.7405	38.4171	81.3672	140.8003	31.9251	46.9496	96.6374	97.5273	136.5846	31.1123	137.2151
13.9627	83.8182	113.3706	122.2289	90.1347	36.5564	54.4397	87.0324	93.6292	60.3168	112.8433	58.5739	66.8613	94.9549	97.2207	86.0422	66.8314	45.9915	29.4584	62.4242	42.7501	113.6107	65.6647	106.0330	100.9115	52.0123	66.8802	81.8687	77.6358	31.9305	22.5898	86.4573	44.7441	54.3334	49.4777	86.6502	4.4155	40.1723	85.3676	66.8411	92.8141	60.0255	0.0000	41.8255	38.7439	85.3072	63.8514	101.9402	113.5060	91.6025	82.1164	91.2069	54.3502	81.1000	71.6869	38.0265	77.1440	89.4187	88.0244
55.7040	122.3733	153.3641	86.8885	53.0634	72.8479	20.3714	127.0723	77.9534	94.9883	145.7017	71.6645	43.7494	53.2624	125.2935	101.8594	32.4876	82.2021	37.8940	37.5277	80.1539	116.0151	107.4314	131.9205	141.7130	10.2324	25.9478	82.3250	40.3884	31.0567	23.5860	66.7668	80.8203	17.7501	81.7790	83.8445	37.6364	62.8943	61.3282	108.6103	51.0991	96.5142	41.8255	0.0000	80.5678	47.2837	77.6308	115.5614	149.9452	131.5209	81.4563	49.7900	96.0475	122.8902	101.1652	33.9620	58.5642	127.3923	92.6407
24.9922	53.1198	78.3011	157.6487	127.0109	27.4893	91.8056	52.7752	119.5989	42.5777	88.9335	70.1142	100.0072	133.6269	82.8642	87.6871	103.7902	31.0907	59.0612	96.7406	25.8018	125.0100	27.0647	93.5335	64.5048	90.7438	105.4617	99.1566	115.0876	64.9228	59.9890	115.4443	30.9340	92.3582	40.0477	104.8441	42.9914	51.0362	117.1822	28.2289	131.5346	38.3381	38.7439	80.5678	0.0000	122.8581	73.8579	104.2478	84.7081	57.3982	100.2084	129.8395	16.4989	42.5039	59.0151	69.3542	106.5442	59.4540	100.0599
98.1251	155.8408	188.2006	85.7284	58.0032	119.3388	53.3067	162.8042	107.1019	125.6148	192.9814	117.0123	33.9663	34.6539	145.6450	146.6223	19.4992	115.8346	67.0622	32.2014	126.4419	109.3321	149.8653	149.1962	178.6117	39.9489	23.0945	81.0489	7.7951	59.6708	62.9985	94.3868	114.4828	31.1406	128.9592	121.5874	80.8918	89.2669	36.1833	151.0147	24.1216	128.9934	85.3072	47.2837	122.8581	0.0000	91.6432	121.3891	179.0317	166.8711	79.1937	19.3371	136.7914	163.6779	148.4215	79.2981	89.2763	159.7522	133.5172
63.0896	75.8537	107.2355	162.8868	129.0405	92.1568	97.8903	85.9556	151.4639	46.5770	162.7799	122.4130	57.8638	119.4571	54.1710	149.1000	74.5522	46.4450	41.3900	59.6809	95.0871	51.6738	92.9708	57.6893	102.1778	84.6671	88.2075	27.2920	85.1616	46.8553	58.6231	141.8538	45.7996	73.9209	106.8908	149.1148	62.8308	24.7128	65.7629	93.7512	111.7887	52.4286	63.8514	77.6308	73.8579	91.6432	0.0000	39.0235	91.4563	88.7917	28.9408	107.8514	77.7906	98.7080	128.9041	96.7506	132.8635	77.5363	151.7353
99.1391	85.8470	111.2261	198.8936	165.4161	126.6048	135.9290	97.3431	190.4328	65.7895	191.6111	160.1818	87.9991	152.6467	44.0134	185.6946	107.0503	73.3798	80.3232	91.6390	128.2587	31.1400	117.0548	39.2476	111.5588	121.7488	122.7611	40.6790	116.1223	85.3580	97.5657	180.6705	73.3823	109.5152	141.2491	187.9169	101.3228	61.8073	88.8756	117.5428	143.8239	71.9786	101.9402	115.5614	104.2478	121.3891	39.0235	0.0000	87.5732	98.4844	42.7161	139.4552	103.1392	117.4389	162.4066	135.7572	171.7409	84.5054	189.9569
101.2588	31.6184	28.3263	235.2183	202.2209	111.5558	166.6993	35.6744	203.6176	54.9907	143.3834	154.5739	146.8565	201.0336	43.6056	168.4342	160.1452	68.0919	114.4583	147.0790	107.8112	118.6865	73.9409	49.8344	37.7343	159.6461	169.4703	114.9217	171.7412	122.2532	126.3613	198.3841	69.4413	154.4710	121.6126	189.5233	116.2959	90.1046	157.0460	73.4635	195.5892	53.7405	113.5060	149.9452	84.7081	179.0317	91.4563	87.5732	0.0000	32.2145	117.0456	192.4373	70.4989	61.1094	134.5764	150.4474	189.2146	25.2545	183.9517
78.1042	13.1192	21.8467	213.5714	181.7364	82.6300	146.0285	4.6400	176.8765	43.0797	111.7519	125.4790	137.3970	184.3862	57.8206	137.2608	147.4179	51.0387	99.9186	136.2748	78.0057	127.9602	42.2283	67.7670	13.4992	141.6523	153.8129	115.4346	159.2097	107.5246	108.3790	172.8318	52.3954	139.2319	91.2688	160.7834	95.1039	78.7757	150.6900	41.6490	180.3827	38.4171	91.6025	131.5209	57.3982	166.8711	88.7917	98.4844	32.2145	0.0000	117.3084	177.8212	41.5344	28.9741	102.8459	126.1821	163.8985	14.3473	154.0334
85.2870	104.2711	135.0336	159.6707	127.0204	115.0284	101.3401	114.6358	159.2162	75.4817	188.5154	139.3249	46.6970	111.5622	75.9902	167.9353	66.3728	74.8290	53.8146	51.2180	119.0422	34.5608	121.1126	76.0390	130.7579	85.4949	83.2085	2.2106	74.4242	55.5184	69.3018	148.2193	74.0622	71.5323	129.4668	161.5745	79.7885	49.1845	46.1895	121.9468	102.2306	81.3672	82.1164	81.4563	100.2084	79.1937	28.9408	42.7161	117.0456	117.3084	0.0000	97.7180	105.8504	127.5488	151.8704	108.2373	139.8974	105.5029	166.7798
104.8504	167.5067	199.4796	66.8037	41.5833	122.2477	47.9308	173.5625	94.3649	138.0461	192.7869	112.9283	51.4625	15.5912	161.2593	141.3012	33.3059	127.0389	78.3516	48.3588	129.6481	128.5034	156.8479	165.5343	188.9089	40.1104	24.4024	99.4926	23.3402	70.5858	70.3608	81.7046	125.6564	38.5902	130.0405	111.9953	86.8851	102.3490	55.5200	158.0216	4.8023	140.8003	91.2069	49.7900	129.8395	19.3371	107.8514	139.4552	192.4373	177.8212	97.7180	0.0000	144.8266	171.8001	147.7578	76.7004	78.0513	171.8749	125.3846
40.3923	39.0369	62.0090	174.1411	143.3812	41.2753	108.0544	36.9742	135.3846	37.6988	88.6606	84.2855	111.8354	149.2710	75.3548	98.6657	117.4702	31.4345	71.1074	109.1589	37.3263	127.0251	15.2750	86.3550	48.0302	106.2700	120.4257	104.5162	128.9967	77.7146	74.5332	131.6193	31.9999	106.8381	51.2819	119.4694	58.4285	57.9244	128.1023	16.1580	146.7364	31.9251	54.3502	96.0475	16.4989	136.7914	77.7906	103.1392	70.4989	41.5344	105.8504	144.8266	0.0000	26.9849	66.6380	85.8396	122.7932	45.4560	113.4551
67.1863	35.7011	42.9344	199.1626	169.2021	61.7939	134.2079	26.2543	156.7567	53.2206	83.0324	102.8329	137.9709	176.0531	81.5824	110.9418	144.3121	53.3114	97.5726	135.5784	55.6975	144.4949	17.6883	92.3272	27.6032	133.0981	147.3981	125.9810	155.8830	104.3933	101.5181	154.3234	54.3049	133.8173	67.2803	138.1152	85.2539	81.9712	153.6550	16.6460	173.6778	46.9496	81.1000	122.8902	42.5039	163.6779	98.7080	117.4389	61.1094	28.9741	127.5488	171.8001	26.9849	0.0000	75.6603	110.5291	145.8536	40.6361	129.6708
66.6038	104.3596	118.5338	149.3330	127.4379	36.9003	100.3620	98.9901	94.7249	101.3762	45.0551	40.5417	137.1292	145.1352	141.1654	35.8395	132.6621	89.9760	101.0569	132.0157	34.1546	180.5577	60.6633	152.0173	103.2208	108.9783	126.2225	151.2875	141.5281	103.3698	91.8802	97.1375	89.6976	118.2329	22.4382	70.4779	75.1865	104.3598	155.9398	61.2012	147.5223	96.6374	71.6869	101.1652	59.0151	148.4215	128.9041	162.4066	134.5764	102.8459	151.8704	147.7578	66.6380	75.6603	0.0000	71.1952	91.0698	110.6299	58.0592
49.1951	119.8844	147.4864	88.6371	60.0169	51.1213	29.1902	121.5432	55.8873	98.2086	116.2498	37.8868	76.7586	74.1926	135.0786	67.9582	66.3312	83.7717	55.9647	70.6850	58.5462	142.2217	93.2559	143.6237	133.8590	39.3670	56.3653	108.6299	73.1471	52.7764	39.1472	48.4481	82.5682	51.6510	55.1637	53.3453	36.5659	75.5748	94.9178	94.4048	76.3376	97.5273	38.0265	33.9620	69.3542	79.2981	96.7506	135.7572	150.4474	126.1821	108.2373	76.7004	85.8396	110.5291	71.1952	0.0000	39.1433	125.8010	59.7228
88.1176	158.3404	184.7969	58.2837	42.3387	84.2166	39.8424	159.2646	19.4108	137.3490	133.3789	50.5288	100.5056	68.0721	173.9595	70.9900	84.2141	122.9008	91.4739	94.3060	90.9062	174.4511	128.2093	182.2597	170.6531	56.7638	68.0861	140.6828	85.9093	86.5520	74.2528	9.3181	121.7037	72.0744	82.8752	34.6822	75.4566	113.4108	115.9873	129.2989	75.3704	136.5846	77.1440	58.5642	106.5442	89.2763	132.8635	171.7409	189.2146	163.8985	139.8974	78.0513	122.7932	145.8536	91.0698	39.1433	0.0000	164.3732	49.7974
76.7208	6.4198	29.7221	211.5632	178.9608	86.3526	143.2785	14.8058	178.5139	34.1632	123.5577	129.3526	128.9969	179.4739	43.4750	143.8551	140.4730	45.2376	93.5254	128.4267	82.7766	114.3302	50.4857	53.4935	27.0554	137.3249	148.2986	103.5481	152.2270	101.2902	103.8772	173.4994	46.6260	133.4457	96.7092	164.2719	92.4670	70.6066	141.1740	50.1837	174.7316	31.1123	89.4187	127.3923	59.4540	159.7522	77.5363	84.5054	25.2545	14.3473	105.5029	171.8749	45.4560	40.6361	110.6299	125.8010	164.3732	0.0000	158.8363
92.4927	152.4205	172.2485	103.5643	92.1254	72.6393	80.2788	149.6983	43.3417	140.1573	91.9728	30.5960	136.1850	117.0500	180.3515	25.6865	123.9166	126.1634	113.2397	130.0289	76.1830	200.0756	112.7659	190.3025	157.0169	95.5377	110.7123	166.9722	128.6575	111.3926	97.5776	51.1614	125.3397	109.7193	62.8067	16.4315	88.9206	128.1586	153.9653	113.5959	123.3212	137.2151	88.0244	92.6407	100.0599	133.5172	151.7353	189.9569	183.9517	154.0334	166.7798	125.3846	113.4551	129.6708	58.0592	59.7228	49.7974	158.8363	0.0000

SPEED_MATRIX_KMH
0	60	30	60	30	40	80	30	40	60	40	80	30	60	30	80	30	40	40	30	30	30	30	80	60	30	30	80	30	80	40	80	60	60	80	30	30	60	80	40	60	80	80	80	30	60	80	80	60	40	60	40	40	60	60	60	80	30	40
60	0	80	30	60	40	30	60	80	60	30	40	80	60	30	30	80	40	60	40	60	60	60	80	60	60	30	60	40	30	40	60	80	40	80	40	60	60	60	40	60	40	40	80	40	80	80	60	30	30	60	40	80	60	30	30	60	80	30
30	60	0	40	30	40	30	30	80	30	40	40	40	40	60	40	40	40	40	60	30	40	60	30	30	60	30	60	80	80	60	30	80	30	60	30	40	40	80	30	40	30	30	60	40	40	80	60	80	40	40	60	80	30	80	60	80	30	40
30	40	80	0	60	30	40	40	60	40	30	40	60	30	80	30	30	80	40	80	40	60	80	60	30	40	30	80	60	80	60	40	80	30	80	80	80	80	80	40	60	60	40	40	80	40	60	40	80	30	80	30	60	30	30	40	40	80	30
60	30	80	40	0	60	80	30	80	60	80	80	40	60	60	30	40	80	60	30	30	60	30	30	60	80	40	40	30	80	40	40	40	40	40	80	30	40	40	80	30	80	30	60	40	80	60	80	30	30	30	40	30	60	40	30	40	30	40
40	30	80	40	60	0	40	40	30	30	60	30	40	40	80	60	80	30	60	30	80	60	40	60	30	40	60	40	80	80	30	30	40	60	60	30	40	40	40	30	80	40	30	60	30	40	60	80	80	60	30	60	80	60	80	80	40	40	40
30	60	60	30	40	40	0	80	60	60	80	60	80	60	80	40	80	80	40	30	40	80	80	30	40	60	40	60	60	80	80	40	60	30	80	40	30	30	30	30	40	80	60	30	30	60	40	80	30	60	60	40	30	30	80	60	60	40	60
80	40	40	40	60	40	60	0	40	30	30	30	80	40	80	80	40	40	80	80	80	40	30	30	40	60	60	30	80	80	40	30	80	80	60	80	40	40	60	60	60	60	80	80	60	80	40	40	40	60	30	40	40	80	30	40	80	30	30
80	80	30	60	80	80	60	30	0	40	40	30	60	80	80	60	30	40	40	30	30	30	80	60	40	30	60	40	80	30	60	80	30	80	40	40	60	80	80	80	60	30	30	60	40	80	40	60	40	40	60	30	60	40	30	80	30	30	80
60	40	40	30	60	30	30	30	80	0	30	80	30	60	80	60	80	30	40	60	60	60	80	30	80	30	40	60	40	60	60	30	30	40	80	60	80	40	30	40	60	80	30	80	80	60	80	40	30	30	30	60	60	80	40	30	30	30	40
80	80	40	80	80	30	30	60	30	80	0	80	40	80	60	40	40	30	80	40	80	40	60	30	40	40	30	40	40	30	80	60	30	40	60	80	80	30	80	30	60	40	40	30	60	40	60	80	40	80	80	60	60	60	40	40	40	60	40
60	60	30	30	30	80	60	80	60	80	60	0	30	40	80	40	60	30	60	60	40	80	60	60	80	40	30	80	40	30	80	40	60	60	60	80	40	40	40	40	30	40	60	60	80	40	30	30	40	30	30	80	60	30	60	80	30	30	30
30	80	60	30	80	40	60	60	30	80	40	30	0	80	40	60	80	60	40	80	30	60	80	60	30	80	30	30	40	40	30	40	30	40	40	40	40	40	40	60	80	40	30	80	40	30	60	80	30	40	40	30	80	80	80	60	60	40	40
40	40	60	30	80	40	80	40	60	60	80	30	30	0	30	40	80	40	60	80	80	30	30	30	40	80	80	80	80	80	60	30	60	40	40	30	30	40	80	30	30	60	80	30	40	80	40	40	60	60	80	40	40	40	40	80	60	40	60
30	80	40	60	60	30	40	40	40	40	80	80	30	40	0	60	40	80	60	60	60	60	80	60	60	60	60	30	40	40	30	80	80	40	30	80	60	60	40	40	80	40	40	60	30	60	30	40	60	30	80	80	40	30	40	80	30	60	80
60	60	60	80	80	40	40	80	60	30	80	60	30	60	30	0	30	60	60	80	60	80	40	40	30	60	60	40	80	30	30	40	60	30	60	40	40	60	60	80	40	40	60	60	40	80	40	40	30	60	40	40	80	60	60	40	40	60	40
60	40	80	40	60	80	40	30	30	40	40	30	60	40	40	80	0	40	40	80	60	40	60	80	40	60	60	60	30	80	40	40	80	30	60	40	60	40	40	60	30	60	40	60	40	40	30	60	30	60	40	30	30	40	40	80	30	60	40
40	80	80	60	60	80	40	60	40	60	80	40	80	30	40	60	80	0	80	30	40	40	60	40	60	80	40	80	30	40	40	40	60	40	80	30	80	30	60	60	40	80	40	30	80	40	60	30	40	30	60	80	40	60	40	30	30	40	30
80	40	60	80	80	60	30	80	30	80	60	60	80	30	30	80	60	40	0	80	60	60	80	60	40	60	40	80	30	80	60	60	30	30	60	40	60	40	30	30	60	30	60	40	60	60	80	80	30	80	60	80	30	80	60	40	80	60	80
60	30	40	80	40	60	80	60	80	30	40	60	40	30	30	30	30	30	80	0	40	30	40	40	40	80	40	80	80	80	30	60	30	60	60	40	30	80	30	80	60	40	30	80	30	60	80	60	80	40	40	30	40	40	30	30	40	80	30
80	60	80	40	40	40	60	60	80	30	80	40	40	40	60	60	80	80	30	60	0	80	40	40	30	30	80	80	40	40	80	80	40	30	40	60	80	40	60	30	30	80	60	80	40	40	80	80	80	80	30	30	60	60	30	60	40	40	30
80	80	60	40	40	60	60	80	40	30	30	60	80	40	80	30	40	80	40	30	40	0	40	60	80	60	30	80	80	60	80	40	60	80	30	60	30	30	40	30	80	30	40	60	40	40	30	40	80	30	80	30	80	60	30	40	30	80	40
60	30	30	60	40	40	30	40	80	40	80	80	80	60	40	30	80	40	40	40	60	80	0	60	60	40	80	80	30	80	80	80	40	60	40	60	30	40	40	40	60	40	30	60	80	80	30	60	30	60	60	60	30	60	30	40	60	80	60
30	30	60	30	80	40	30	30	80	40	80	60	30	30	80	40	80	80	40	30	80	60	30	0	40	30	30	30	30	80	40	30	60	80	60	60	60	30	60	60	30	80	40	80	30	40	40	60	60	60	40	30	60	80	80	30	40	60	80
80	80	60	80	80	60	80	40	80	60	40	30	60	60	30	30	40	60	60	80	30	60	40	40	0	30	60	80	40	60	60	80	40	60	60	60	60	40	80	40	80	80	80	30	30	60	60	40	60	60	40	60	80	80	80	60	30	40	60
80	40	40	30	80	30	60	40	30	30	80	40	60	40	60	30	40	80	40	60	30	40	30	60	30	0	40	60	40	60	80	80	60	40	80	80	40	80	40	60	40	60	60	30	30	80	40	30	40	60	80	40	30	60	40	40	40	40	30
40	40	60	30	40	80	30	30	30	30	30	30	30	40	40	60	30	80	60	80	60	60	80	60	40	40	0	30	30	60	80	30	60	80	60	30	30	40	40	60	80	40	40	60	40	30	80	30	80	40	30	60	60	60	40	30	30	40	60
60	80	80	30	80	30	60	60	60	30	60	60	80	30	40	30	60	60	40	30	30	30	80	30	60	80	30	0	40	80	30	40	60	40	40	80	80	30	30	60	60	40	80	30	60	60	80	80	80	40	60	60	30	40	30	40	40	80	30
60	40	60	80	40	60	30	40	40	30	60	60	30	40	40	80	60	60	30	40	40	80	30	60	80	60	60	30	0	40	40	30	30	30	60	80	80	80	80	60	60	80	80	80	80	30	80	60	40	80	30	80	40	40	80	60	30	40	60
30	80	30	40	30	80	80	60	80	40	40	80	30	60	30	40	60	80	40	60	30	40	80	30	80	40	40	60	40	0	30	40	60	40	60	30	30	60	80	40	30	80	80	80	40	60	30	60	60	30	40	60	80	60	30	60	30	40	40
80	30	60	80	40	80	80	60	30	30	40	40	40	80	40	60	80	60	40	80	60	80	80	60	60	60	40	40	30	80	0	40	60	40	40	30	80	80	40	40	40	30	40	40	80	40	30	80	30	60	40	30	60	40	30	80	80	30	30
80	40	80	80	30	80	40	60	80	60	40	40	60	60	40	30	30	80	60	30	30	40	30	30	80	60	30	60	30	30	60	0	60	30	60	30	80	80	30	80	30	60	40	60	40	40	60	80	30	40	60	40	30	40	80	60	40	80	40
40	80	80	40	40	60	30	30	40	80	80	40	30	30	80	80	60	40	30	80	80	30	30	60	30	60	80	40	80	60	60	80	0	40	30	30	80	40	80	60	60	40	30	80	60	80	30	60	30	60	80	80	30	60	80	30	80	30	40
40	30	40	30	60	60	80	40	80	80	60	60	80	30	40	40	60	60	40	40	40	60	40	60	60	40	40	40	60	30	60	80	80	0	80	80	60	80	80	60	40	60	30	60	40	80	30	40	60	60	80	80	30	30	60	80	30	80	40
60	30	80	40	80	30	40	40	40	30	60	40	80	40	40	60	60	60	80	80	60	60	40	60	80	80	80	40	30	40	40	80	60	40	0	40	30	30	80	40	40	80	40	30	40	80	40	40	40	60	60	80	30	30	30	40	60	60	80
60	40	60	30	80	40	80	40	80	60	60	40	30	40	60	60	80	30	60	30	40	80	80	40	60	60	30	30	40	40	40	30	80	60	40	0	30	80	80	40	60	30	30	80	30	40	80	40	80	30	60	40	80	40	80	30	60	60	60
30	40	30	60	60	40	80	80	60	40	80	30	80	30	30	30	60	40	30	40	40	40	30	60	60	40	30	40	60	80	30	40	80	60	80	80	0	30	40	40	80	80	80	40	40	30	60	40	80	80	40	30	60	80	40	80	80	40	60
40	30	80	80	30	40	40	40	60	80	60	40	40	40	80	30	80	40	30	80	80	60	30	40	80	30	60	80	40	60	60	60	40	30	80	60	80	0	40	80	40	80	30	30	30	30	60	30	60	40	40	60	80	60	80	40	40	60	60
40	80	30	40	40	40	80	40	30	60	60	30	60	40	60	80	80	30	40	80	80	40	80	40	40	80	30	80	60	30	60	30	80	40	60	40	30	40	0	80	60	80	40	80	30	80	40	30	30	40	30	80	60	40	30	30	80	40	60
60	80	80	80	80	30	80	80	30	30	80	40	60	40	80	60	40	80	80	80	30	60	40	40	30	30	30	30	40	60	80	40	40	40	30	60	80	60	80	0	60	30	80	80	80	40	30	30	40	60	80	80	40	40	60	30	40	80	40
40	80	80	40	40	40	80	30	80	60	40	40	30	60	80	60	30	40	80	80	40	40	80	60	80	60	60	80	60	60	30	40	30	80	60	80	30	80	30	60	0	80	80	40	60	60	30	40	60	40	40	40	80	40	30	80	60	60	60
30	60	60	60	30	80	30	60	60	60	40	30	60	60	40	60	30	30	30	60	30	30	80	60	40	40	80	40	80	30	60	40	30	60	40	30	60	40	80	80	60	0	80	60	60	40	80	40	80	80	60	30	40	30	80	30	80	60	40
80	60	40	80	30	40	40	80	40	60	40	80	60	80	60	30	40	80	60	60	80	80	80	60	80	30	80	80	40	40	40	40	40	80	40	80	60	60	60	40	80	40	0	30	40	30	60	80	30	80	60	80	60	60	30	30	40	30	80
60	40	40	60	60	80	80	40	40	30	40	80	30	80	40	60	80	60	40	30	40	30	40	30	40	40	40	30	40	30	40	80	30	30	30	80	60	30	80	40	30	40	30	0	40	40	30	40	60	30	80	40	30	60	40	60	60	40	30
40	60	80	80	40	60	40	80	80	80	80	80	60	80	60	30	30	30	80	60	30	30	80	30	80	40	80	80	80	30	30	60	40	30	30	60	30	30	30	80	80	40	40	30	0	40	80	40	60	30	30	80	40	60	60	30	30	30	60
80	60	80	40	60	30	80	60	30	60	80	80	80	30	60	40	40	60	60	40	60	40	80	60	30	60	40	80	30	40	60	30	40	80	40	30	40	60	60	80	60	30	30	80	60	0	60	40	60	40	80	30	30	80	60	30	30	80	60
40	60	30	60	80	40	40	80	80	60	60	80	40	80	80	30	30	30	80	30	40	40	40	60	40	40	30	40	80	40	40	30	40	30	60	30	30	80	30	80	30	40	60	80	30	60	0	80	40	40	30	80	80	30	40	60	80	40	40
