# EVRP Instance: C50R4-1
# Generated following Zhang, Gajpal, Appadoo & Abdulkader (2018)
# Int. J. Production Economics, 203, 404-413
#
# Node indexing:
#   0          = Depot
#   1..50       = Customers
#   51..54     = Recharging Stations
#
# Coordinates in miles. Distances computed as Euclidean.
# Speeds in km/h. Demands in tons.
# Energy formula: E_ij = eff_d * eff_m * [alpha*(w+L)*d + beta*s^2*d]
#   with d in meters, s in m/s

NAME: C50R4-1
CUSTOMERS: 50
STATIONS: 4
TOTAL_NODES: 55
VEHICLE_CAPACITY_TONS: 3.0
BATTERY_CAPACITY_KWH: 110.0
CURB_WEIGHT_KG: 2500
ALPHA: 0.0981
BETA: 2.11
EFF_MOTOR: 1.25
EFF_BATTERY_DISCHARGE: 1.11
EFF_RECHARGE: 1.25
EMISSION_RATE_KG_PER_KWH: 0.69
MAX_VEHICLES: 4
GRID_SIZE_MILES: 200
MILES_TO_METERS: 1609.34

NODE_COORD_SECTION
# NodeID  Type       X_miles   Y_miles   Demand_tons
0	D	100.00	100.00	0.0000
1	C	42.59	58.37	0.1414
2	C	30.82	28.08	0.0694
3	C	198.97	192.52	0.1064
4	C	168.18	178.23	0.1437
5	C	120.08	78.06	0.0869
6	C	142.99	152.89	0.1179
7	C	47.90	48.15	0.0893
8	C	198.37	132.05	0.1293
9	C	51.71	87.77	0.0781
10	C	149.39	7.62	0.1185
11	C	161.29	90.46	0.1270
12	C	86.88	175.95	0.0580
13	C	148.02	197.73	0.0597
14	C	11.55	93.07	0.0991
15	C	179.82	66.51	0.0858
16	C	106.45	178.98	0.1082
17	C	65.72	91.63	0.1100
18	C	88.30	135.01	0.1278
19	C	92.31	172.85	0.1031
20	C	117.92	70.85	0.1018
21	C	7.99	168.08	0.0525
22	C	86.19	49.83	0.1494
23	C	1.77	98.19	0.1326
24	C	45.66	31.93	0.1097
25	C	127.57	159.87	0.1387
26	C	124.12	176.77	0.0778
27	C	40.99	160.74	0.1179
28	C	111.47	189.65	0.0656
29	C	93.26	141.03	0.0732
30	C	105.54	134.70	0.1197
31	C	188.64	140.26	0.0898
32	C	66.57	92.73	0.1089
33	C	113.57	166.07	0.0656
34	C	132.18	69.63	0.0927
35	C	193.28	105.57	0.1045
36	C	107.25	116.55	0.0982
37	C	67.60	120.57	0.0579
38	C	77.52	192.31	0.0933
39	C	85.71	48.75	0.0963
40	C	137.35	199.82	0.0646
41	C	54.82	82.27	0.1411
42	C	106.88	112.15	0.0527
43	C	122.72	150.86	0.0718
44	C	92.66	76.11	0.1081
45	C	113.37	197.21	0.0769
46	C	46.92	134.10	0.1286
47	C	8.00	136.94	0.1423
48	C	12.25	49.47	0.0778
49	C	44.20	45.35	0.1242
50	C	42.12	162.64	0.1344
51	S	59.75	61.49	0.0000
52	S	56.27	72.87	0.0000
53	S	116.84	18.69	0.0000
54	S	81.48	183.38	0.0000

DISTANCE_MATRIX_MILES
0.0000	70.9152	99.7916	135.4807	103.7711	29.7417	68.1578	73.5040	103.4595	49.8146	104.7542	62.0280	77.0749	108.8902	88.7211	86.5610	79.2429	35.2870	36.9133	73.2548	34.2177	114.4584	52.0360	98.2467	87.0997	65.9130	80.4699	84.6849	90.3808	41.5799	35.1395	97.3546	34.2114	67.4492	44.2480	93.4462	18.0683	38.3782	95.0078	53.2049	106.5789	48.5344	13.9627	55.7040	24.9922	98.1251	63.0896	99.1391	101.2588	78.1042	85.2870	55.7053	51.4621	83.0355	85.4120
70.9152	0.0000	32.4964	206.0362	173.6066	79.9525	137.8920	11.5171	172.3257	30.7820	118.2447	122.9612	125.6450	174.7475	46.5572	137.4712	136.4730	40.5120	89.2362	124.8109	76.3568	115.0367	44.4285	57.0255	26.6176	132.3777	143.7557	102.3825	148.2528	96.9542	98.9392	167.4413	41.9005	128.9862	90.2948	157.9092	86.9818	67.0398	138.4198	44.1801	170.2573	26.8474	83.8182	122.3733	53.1198	155.8408	75.8537	85.8470	31.6184	13.1192	104.2711	17.4413	19.9347	84.1877	130.9196
99.7916	32.4964	0.0000	235.1913	203.5013	102.3003	167.8084	26.3540	197.1871	63.2399	120.3223	144.6156	158.1400	206.1964	67.7867	153.8761	168.7919	72.5025	121.4001	157.2875	97.0344	141.8492	59.4886	75.8901	15.3313	163.4906	175.5380	133.0493	180.5804	129.0599	130.1956	193.6272	73.8761	160.9000	109.5457	179.9943	116.9123	99.5348	170.7407	58.6529	202.0972	59.2668	113.3706	153.3641	78.3011	188.2006	107.2355	111.2261	28.3263	21.8467	135.0336	44.1947	51.5155	86.5310	163.3540
135.4807	206.0362	235.1913	0.0000	33.9445	139.0134	68.5879	208.9613	60.4730	180.7154	191.4319	108.7935	113.3081	51.2157	212.1711	127.4568	93.5055	167.1357	124.7207	108.4586	146.1940	192.5375	181.8784	218.6001	222.0205	78.5110	76.4891	161.1448	87.5471	117.5833	109.8741	53.2712	165.7945	89.4023	139.8673	87.1360	119.0966	149.7828	121.4502	183.0236	62.0509	181.4781	122.2289	86.8885	157.6487	85.7284	162.8868	198.8936	235.2183	213.5714	159.6707	191.1833	186.2241	192.2556	117.8450
103.7711	173.6066	203.5013	33.9445	0.0000	111.1199	35.7303	177.1668	55.1727	147.4730	171.6416	88.0400	81.3320	28.0477	178.2840	112.3247	61.7346	134.1552	90.8228	76.0605	118.5602	160.5112	152.3447	184.6583	190.8267	44.5675	44.0842	128.3869	57.8484	83.6472	76.2799	43.1316	132.7962	55.9475	114.4114	76.8732	86.7000	115.9354	91.7468	153.5134	37.6380	148.5221	90.1347	53.0634	127.0109	58.0032	129.0405	165.4161	202.2209	181.7364	127.0204	159.3276	153.7029	167.5972	86.8528
29.7417	79.9525	102.3003	139.0134	111.1199	0.0000	78.2585	78.1317	95.1012	69.0561	76.2946	43.0351	103.3668	122.8884	109.5630	60.8463	101.8363	56.0282	65.2171	98.7741	7.5266	143.7629	44.1074	120.0103	87.5575	82.1522	98.7926	114.4168	111.9217	68.4437	58.4765	92.5706	55.4845	88.2504	14.7470	78.1987	40.5720	67.5370	121.9197	45.1705	122.9787	65.3957	36.5564	72.8479	27.4893	119.3388	92.1568	126.6048	111.5558	82.6300	115.0284	62.5642	64.0207	59.4583	112.1707
68.1578	137.8920	167.8084	68.5879	35.7303	78.2585	0.0000	141.4658	59.1714	112.1278	145.4109	65.0569	60.6638	45.1212	144.4123	93.9040	44.8983	98.6075	57.5386	54.4689	85.7850	135.8519	117.6758	151.4436	155.2561	16.9262	30.4357	102.3016	48.4232	51.1247	41.6339	47.3650	97.2586	32.2374	83.9588	69.0526	50.9700	82.0258	76.4216	118.8534	47.2677	112.9652	54.4397	20.3714	91.8056	53.3067	97.8903	135.9290	166.6993	146.0285	101.3401	123.6239	117.9981	136.7240	68.6522
73.5040	11.5171	26.3540	208.9613	177.1668	78.1317	141.4658	0.0000	172.2801	39.8028	109.2836	121.0266	133.6124	179.9950	57.7852	133.1915	143.3338	46.9900	95.7957	132.3720	73.6077	126.3963	38.3268	68.0586	16.3739	137.2176	149.5078	112.8018	155.1238	103.3645	103.9869	168.2023	48.3316	134.9729	86.9742	156.3087	90.5593	75.0516	147.1715	37.8148	176.0826	34.8147	87.0324	127.0723	52.7752	162.8042	85.9556	97.3431	35.6744	4.6400	114.6358	17.8432	26.0986	74.9708	139.3369
103.4595	172.3257	197.1871	60.4730	55.1727	95.1012	59.1714	172.2801	0.0000	153.1988	133.7231	55.7194	119.8217	82.7586	190.8433	68.1146	103.2071	138.6716	110.1098	113.6370	101.0824	193.7594	139.0844	199.4945	182.6044	76.0697	86.6772	159.9737	104.2563	105.4929	92.8678	12.7309	137.5402	91.3696	90.9801	26.9648	92.4289	131.2729	135.0407	140.1113	91.1933	151.9363	93.6292	77.9534	119.5989	107.1019	151.4639	190.4328	203.6176	176.8765	159.2162	155.5449	153.9308	139.6339	127.6638
49.8146	30.7820	63.2399	180.7154	147.4730	69.0561	112.1278	39.8028	153.1988	0.0000	126.3543	109.6130	94.9349	146.1739	40.5082	129.8621	106.3754	14.5320	59.7532	94.2707	68.3378	91.4392	51.2671	51.0155	56.1668	104.6573	114.7354	73.7532	118.1135	67.5502	71.4149	146.6459	15.6659	99.7875	82.4893	142.6846	62.5538	36.4463	107.6790	51.7548	141.0298	6.3184	60.3168	94.9883	42.5777	125.6148	46.5770	65.7895	54.9907	43.0797	75.4817	27.4824	15.5822	94.9419	100.1375
104.7542	118.2447	120.3223	191.4319	171.6416	76.2946	145.4109	109.2836	133.7231	126.3543	0.0000	83.6904	179.5619	190.1149	162.1776	66.2874	176.6581	118.5679	141.2806	174.8116	70.6286	213.8723	75.9995	173.1895	106.5406	153.8056	171.0272	187.6068	185.9378	144.7370	134.4327	138.3255	118.7555	162.4484	64.3539	107.3338	116.7969	139.4536	198.1810	75.8078	192.5767	120.4828	112.8433	145.7017	88.9335	192.9814	162.7799	191.6111	143.3834	111.7519	188.5154	104.5816	113.7053	34.3809	188.4233
62.0280	122.9612	144.6156	108.7935	88.0400	43.0351	65.0569	121.0266	55.7194	109.6130	83.6904	0.0000	113.3375	108.0877	149.7627	30.2814	104.1308	95.5772	85.5117	107.4540	47.5974	171.8306	85.3862	159.7072	129.5996	77.1673	93.9735	139.3247	110.9986	84.7668	71.1705	56.8160	94.7472	89.4096	35.7950	35.3790	60.0084	98.4095	131.8743	86.3253	111.9497	106.7845	58.5739	71.6645	70.1142	117.0123	122.4130	160.1818	154.5739	125.4790	139.3249	105.5918	106.4829	84.4200	122.4898
77.0749	125.6450	158.1400	113.3081	81.3320	103.3668	60.6638	133.6124	119.8217	94.9349	179.5619	113.3375	0.0000	64.9035	111.9987	143.5791	19.8032	86.9345	40.9646	6.2526	109.5878	79.2816	126.1219	115.2837	149.8027	43.7521	37.2490	48.3450	28.1489	35.4980	45.2743	107.8373	85.6625	28.4600	115.5683	127.5708	62.7957	58.6401	18.8483	127.2054	55.8301	99.0141	66.8613	43.7494	100.0072	33.9663	57.8638	87.9991	146.8565	137.3970	46.6970	117.6313	107.5289	160.0884	9.1850
108.8902	174.7475	206.1964	51.2157	28.0477	122.8884	45.1212	179.9950	82.7586	146.1739	190.1149	108.0877	64.9035	0.0000	171.9819	135.0183	45.6029	134.2777	86.6041	61.0133	130.4015	143.1346	160.3040	176.9104	194.8518	43.0300	31.7889	113.2417	37.4325	78.8261	76.0088	70.3760	132.8876	46.7884	129.0756	102.6739	90.8426	111.4497	70.7080	161.4855	10.8728	148.3821	94.9549	53.2624	133.6269	34.6539	119.4571	152.6467	201.0336	184.3862	111.5622	162.3359	154.9454	181.7347	68.0698
88.7211	46.5572	67.7867	212.1711	178.2840	109.5630	144.4123	57.7852	190.8433	40.5082	162.1776	149.7627	111.9987	171.9819	0.0000	170.3532	128.0099	54.1891	87.4616	113.5210	108.6660	75.0944	86.2602	11.0391	70.0114	133.8764	140.2772	73.7966	138.9666	94.7454	102.7968	183.2696	55.0211	125.4475	122.8863	182.1594	98.5383	62.4328	119.1663	86.3943	164.9885	44.5975	97.2207	125.2935	82.8642	145.6450	54.1710	44.0134	43.6056	57.8206	75.9902	57.6241	49.0705	128.9123	114.2195
86.5610	137.4712	153.8761	127.4568	112.3247	60.8463	93.9040	133.1915	68.1146	129.8621	66.2874	30.2814	143.5791	135.0183	170.3532	0.0000	134.2857	116.8325	114.3161	137.7178	62.0520	199.6046	95.1041	180.8464	138.5449	106.9867	123.5304	167.7887	140.8374	114.2185	100.8335	74.2755	116.2456	119.5879	47.7421	41.3141	88.1499	124.5625	162.1448	95.7711	139.9116	125.9896	86.0422	101.8594	87.6871	146.6223	149.1000	185.6946	168.4342	137.2608	167.9353	120.1749	123.7136	79.0774	152.7395
79.2429	136.4730	168.7919	93.5055	61.7346	101.8363	44.8983	143.3338	103.2071	106.3754	176.6581	104.1308	19.8032	45.6029	128.0099	134.2857	0.0000	96.3792	47.5687	15.4116	108.7366	99.0615	130.7295	132.2306	159.1198	28.4824	17.8077	67.9537	11.7919	40.1768	44.2893	90.8539	95.0236	14.7432	112.3363	113.7035	62.4351	70.1502	31.8533	131.8712	37.2708	109.6288	66.8314	32.4876	103.7902	19.4992	74.5522	107.0503	160.1452	147.4179	66.3728	126.4310	117.3770	160.6264	25.3547
35.2870	40.5120	72.5025	167.1357	134.1552	56.0282	98.6075	46.9900	138.6716	14.5320	118.5679	95.5772	86.9345	134.2777	54.1891	116.8325	96.3792	0.0000	48.9048	85.4618	56.1841	95.7985	46.5431	64.2856	62.9801	92.0984	103.2443	73.4014	108.1711	56.5580	58.6571	132.1900	1.3901	88.4926	70.0067	128.3194	48.4329	29.0010	101.3691	47.3106	129.7534	14.3673	45.9915	82.2021	31.0907	115.8346	46.4450	73.3798	68.0919	51.0387	74.8290	30.7256	21.0057	89.0702	93.0937
36.9133	89.2362	121.4001	124.7207	90.8228	65.2171	57.5386	95.7957	110.1098	59.7532	141.2806	85.5117	40.9646	86.6041	87.4616	114.3161	47.5687	48.9048	0.0000	38.0519	70.6672	86.8523	85.2061	94.0380	111.5511	46.4774	55.0179	53.8541	59.3496	7.8001	17.2428	100.4773	47.5373	40.0412	78.7401	109.0299	26.4551	25.2389	58.3052	86.2989	81.2788	62.4693	29.4584	37.8940	59.0612	67.0622	41.3900	80.3232	114.4583	99.9186	53.8146	78.8688	69.9092	119.7701	48.8484
73.2548	124.8109	157.2875	108.4586	76.0605	98.7741	54.4689	132.3720	113.6370	94.2707	174.8116	107.4540	6.2526	61.0133	113.5210	137.7178	15.4116	85.4618	38.0519	0.0000	105.1659	84.4548	123.1721	117.3525	148.4408	37.5732	32.0506	52.7294	25.4823	31.8342	40.3789	101.6935	84.1532	22.3149	110.6525	121.3324	58.2486	57.8254	24.4425	124.2754	52.4975	98.0318	62.4242	37.5277	96.7406	32.2014	59.6809	91.6390	147.0790	136.2748	51.2180	116.0224	106.2774	156.0994	15.1053
34.2177	76.3568	97.0344	146.1940	118.5602	7.5266	85.7850	73.6077	101.0824	68.3378	70.6286	47.5974	109.5878	130.4015	108.6660	62.0520	108.7366	56.1841	70.6672	105.1659	0.0000	146.7593	38.0609	119.3243	82.0748	89.5415	106.1013	118.3150	118.9750	74.3865	65.0391	99.0912	55.8172	95.3193	14.3121	82.9735	46.9291	70.7402	128.0027	39.0627	130.4254	64.1251	42.7501	80.1539	25.8018	126.4419	95.0871	128.2587	107.8112	78.0057	119.0422	58.9182	61.6831	52.1712	118.2830
114.4584	115.0367	141.8492	192.5375	160.5112	143.7629	135.8519	126.3963	193.7594	91.4392	213.8723	171.8306	79.2816	143.1346	75.0944	199.6046	99.0615	95.7985	86.8523	84.4548	146.7593	0.0000	141.7685	70.1662	141.2652	119.8615	116.4547	33.8064	105.7042	89.4577	103.1030	182.7796	95.4423	105.5991	158.4789	195.5502	111.8387	76.2270	73.6309	142.4080	133.1970	97.7569	113.6107	116.0151	125.0100	109.3321	51.6738	31.1400	118.6865	127.9602	34.5608	118.4927	106.7516	184.8396	75.0658
52.0360	44.4285	59.4886	181.8784	152.3447	44.1074	117.6758	38.3268	139.0844	51.2671	75.9995	85.3862	126.1219	160.3040	86.2602	95.1041	130.7295	46.5431	85.2061	123.1721	38.0609	141.7685	0.0000	97.2904	44.3068	117.5632	132.4857	119.7667	142.0870	91.4736	87.0479	136.6513	47.1737	119.4211	50.0712	120.7279	69.9649	73.1419	142.7435	1.1819	158.4751	45.1268	65.6647	107.4314	27.0647	149.8653	92.9708	117.0548	73.9409	42.2283	121.1126	28.8969	37.7631	43.6935	133.6330
98.2467	57.0255	75.8901	218.6001	184.6583	120.0103	151.4436	68.0586	199.4945	51.0155	173.1895	159.7072	115.2837	176.9104	11.0391	180.8464	132.2306	64.2856	94.0380	117.3525	119.3243	70.1662	97.2904	0.0000	79.4778	140.1073	145.4109	73.8289	142.8251	101.0232	110.0054	191.5471	65.0296	130.7935	133.5007	191.6521	107.0660	69.5302	120.8165	97.4178	169.4420	55.3873	106.0330	131.9205	93.5335	149.1962	57.6893	39.2476	49.8344	67.7670	76.0390	68.6190	60.0945	139.8619	116.6663
87.0997	26.6176	15.3313	222.0205	190.8267	87.5575	155.2561	16.3739	182.6044	56.1668	106.5406	129.5996	149.8027	194.8518	70.0114	138.5449	159.1198	62.9801	111.5511	148.4408	82.0748	141.2652	44.3068	79.4778	0.0000	151.9141	164.7258	128.8946	170.8993	119.0318	118.9424	179.3841	64.2952	150.3506	94.3769	164.9682	104.6607	91.3149	163.5139	43.4386	191.2959	51.1666	100.9115	141.7130	64.5048	178.6117	102.1778	111.5588	37.7343	13.4992	130.7579	32.7463	42.2925	72.4009	155.6283
65.9130	132.3777	163.4906	78.5110	44.5675	82.1522	16.9262	137.2176	76.0697	104.6573	153.8056	77.1673	43.7521	43.0300	133.8764	106.9867	28.4824	92.0984	46.4774	37.5732	89.5415	119.8615	117.5632	140.1073	151.9141	0.0000	17.2486	86.5844	33.8535	39.1423	33.4492	64.1412	90.7126	15.3114	90.3577	85.2426	47.8490	71.7000	59.6436	118.7431	41.1297	106.3688	52.0123	10.2324	90.7438	39.9489	84.6671	121.7488	159.6461	141.6523	85.4949	119.4913	112.4842	141.5872	51.7398
80.4699	143.7557	175.5380	76.4891	44.0842	98.7926	30.4357	149.5078	86.6772	114.7354	171.0272	93.9735	37.2490	31.7889	140.2772	123.5304	17.8077	103.2443	55.0179	32.0506	106.1013	116.4547	132.4857	145.4109	164.7258	17.2486	0.0000	84.6614	18.0532	47.2196	45.9902	74.1337	101.8564	15.0264	107.4427	99.2600	62.5384	79.7054	49.1228	133.6580	26.5770	117.1868	66.8802	25.9478	105.4617	23.0945	88.2075	122.7611	169.4703	153.8129	83.2085	132.0340	124.0920	158.2475	43.1493
84.6849	102.3825	133.0493	161.1448	128.3869	114.4168	102.3016	112.8018	159.9737	73.7532	187.6068	139.3247	48.3450	113.2417	73.7966	167.7887	67.9537	73.4014	53.8541	52.7294	118.3150	33.8064	119.7667	73.8289	128.8946	86.5844	84.6614	0.0000	76.1789	55.8627	69.6045	149.0636	72.6615	72.7754	128.9056	161.9752	79.6439	48.1842	48.2815	120.5887	103.9832	79.6794	81.8687	82.3250	99.1566	81.0489	27.2920	40.6790	114.9217	115.4346	2.2106	101.0074	89.1887	161.0324	46.3898
90.3808	148.2528	180.5804	87.5471	57.8484	111.9217	48.4232	155.1238	104.2563	118.1135	185.9378	110.9986	28.1489	37.4325	138.9666	140.8374	11.7919	108.1711	59.3496	25.4823	118.9750	105.7042	142.0870	142.8251	170.8993	33.8535	18.0532	76.1789	0.0000	51.9183	55.2690	91.6219	106.8152	23.6733	121.7937	117.3129	73.2217	81.8329	34.0540	143.2354	27.8065	121.4071	77.6358	40.3884	115.0876	7.7951	85.1616	116.1223	171.7412	159.2097	74.4242	138.2025	129.1689	171.0443	30.6384
41.5799	96.9542	129.0599	117.5833	83.6472	68.4437	51.1247	103.3645	105.4929	67.5502	144.7370	84.7668	35.4980	78.8261	94.7454	114.2185	40.1768	56.5580	7.8001	31.8342	74.3865	89.4577	91.4736	101.0232	119.0318	39.1423	47.2196	55.8627	51.9183	0.0000	13.8155	95.3831	55.1837	32.2412	81.3187	106.1198	28.1956	32.8184	53.6413	92.5883	73.4860	70.2166	31.9305	31.0567	64.9228	59.6708	46.8553	85.3580	122.2532	107.5246	55.5184	86.3107	77.5503	124.5917	43.9578
35.1395	98.9392	130.1956	109.8741	76.2799	58.4765	41.6339	103.9869	92.8678	71.4149	134.4327	71.1705	45.2743	76.0088	102.7968	100.8335	44.2893	58.6571	17.2428	40.3789	65.0391	103.1030	87.0479	110.0054	118.9424	33.4492	45.9902	69.6045	55.2690	13.8155	0.0000	83.2858	57.2725	32.3814	70.3121	92.4493	18.2304	40.4858	64.0627	88.2079	72.4741	72.9481	22.5898	23.5860	59.9890	62.9985	58.6231	97.5657	126.3613	108.3790	69.3018	86.3506	79.0600	116.5590	54.3013
97.3546	167.4413	193.6272	53.2712	43.1316	92.5706	47.3650	168.2023	12.7309	146.6459	138.3255	56.8160	107.8373	70.3760	183.2696	74.2755	90.8539	132.1900	100.4773	101.6935	99.0912	182.7796	136.6513	191.5471	179.3841	64.1412	74.1337	149.0636	91.6219	95.3831	83.2858	0.0000	130.9969	79.3830	90.4231	34.9989	84.7732	122.6311	122.7064	137.7268	78.6006	145.8445	86.4573	66.7668	115.4443	94.3868	141.8538	180.6705	198.3841	172.8318	148.2193	151.0541	148.5370	141.1896	115.5102
34.2114	41.9005	73.8761	165.7945	132.7962	55.4845	97.2586	48.3316	137.5402	15.6659	118.7555	94.7472	85.6625	132.8876	55.0211	116.2456	95.0236	1.3901	47.5373	84.1532	55.8172	95.4423	47.1737	65.0296	64.2952	90.7126	101.8564	72.6615	106.8152	55.1837	57.2725	130.9969	0.0000	87.1077	69.5578	127.3589	47.1408	27.8590	100.1802	47.9644	128.3670	15.7313	44.7441	80.8203	30.9340	114.4828	45.7996	73.3823	69.4413	52.3954	74.0622	31.9758	22.3721	89.4930	91.8680
67.4492	128.9862	160.9000	89.4023	55.9475	88.2504	32.2374	134.9729	91.3696	99.7875	162.4484	89.4096	28.4600	46.7884	125.4475	119.5879	14.7432	88.4926	40.0412	22.3149	95.3193	105.5991	119.4211	130.7935	150.3506	15.3114	15.0264	72.7754	23.6733	32.2412	32.3814	79.3830	87.1077	0.0000	98.2192	100.0696	49.9217	64.6799	44.5886	120.5826	41.2862	102.3426	54.3334	17.7501	92.3582	31.1406	73.9209	109.5152	154.4710	139.2319	71.5323	117.6162	109.4053	147.4163	36.4610
44.2480	90.2948	109.5457	139.8673	114.4114	14.7470	83.9588	86.9742	90.9801	82.4893	64.3539	35.7950	115.5683	129.0756	122.8863	47.7421	112.3363	70.0067	78.7401	110.6525	14.3121	158.4789	50.0712	133.5007	94.3769	90.3577	107.4427	128.9056	121.7937	81.3187	70.3121	90.4231	69.5578	98.2192	0.0000	70.8865	53.1318	82.2524	134.3060	50.9454	130.2926	78.3858	49.4777	81.7790	40.0477	128.9592	106.8908	141.2491	121.6126	91.2688	129.4668	72.8860	75.9791	53.1996	124.5374
93.4462	157.9092	179.9943	87.1360	76.8732	78.1987	69.0526	156.3087	26.9648	142.6846	107.3338	35.3790	127.5708	102.6739	182.1594	41.3141	113.7035	128.3194	109.0299	121.3324	82.9735	195.5502	120.7279	191.6521	164.9682	85.2426	99.2600	161.9752	117.3129	106.1198	92.4493	34.9989	127.3589	100.0696	70.8865	0.0000	86.7279	126.5720	144.6520	121.6545	109.5957	140.4068	86.6502	83.8445	104.8441	121.5874	149.1148	187.9169	189.5233	160.7834	161.5745	140.6176	140.8582	115.7204	136.2117
18.0683	86.9818	116.9123	119.0966	86.7000	40.5720	50.9700	90.5593	92.4289	62.5538	116.7969	60.0084	62.7957	90.8426	98.5383	88.1499	62.4351	48.4329	26.4551	58.2486	46.9291	111.8387	69.9649	107.0660	104.6607	47.8490	62.5384	79.6439	73.2217	28.1956	18.2304	84.7732	47.1408	49.9217	53.1318	86.7279	0.0000	39.8533	81.3846	71.1394	88.5432	62.6420	4.4155	37.6364	42.9914	80.8918	62.8308	101.3228	116.2959	95.1039	79.7885	72.7176	67.1335	98.3288	71.6264
38.3782	67.0398	99.5348	149.7828	115.9354	67.5370	82.0258	75.0516	131.2729	36.4463	139.4536	98.4095	58.6401	111.4497	62.4328	124.5625	70.1502	29.0010	25.2389	57.8254	70.7402	76.2270	73.1419	69.5302	91.3149	71.7000	79.7054	48.1842	81.8329	32.8184	40.4858	122.6311	27.8590	64.6799	82.2524	126.5720	39.8533	0.0000	72.4226	74.0681	105.5728	40.3760	40.1723	62.8943	51.0362	89.2669	24.7128	61.8073	90.1046	78.7757	49.1845	59.5992	49.0271	113.1553	64.3253
95.0078	138.4198	170.7407	121.4502	91.7468	121.9197	76.4216	147.1715	135.0407	107.6790	198.1810	131.8743	18.8483	70.7080	119.1663	162.1448	31.8533	101.3691	58.3052	24.4425	128.0027	73.6309	142.7435	120.8165	163.5139	59.6436	49.1228	48.2815	34.0540	53.6413	64.0627	122.7064	100.1802	44.5886	134.3060	144.6520	81.3846	72.4226	0.0000	143.7934	60.2995	112.3570	85.3676	61.3282	117.1822	36.1833	65.7629	88.8756	157.0460	150.6900	46.1895	132.0214	121.3156	178.0168	9.7686
53.2049	44.1801	58.6529	183.0236	153.5134	45.1705	118.8534	37.8148	140.1113	51.7548	75.8078	86.3253	127.2054	161.4855	86.3943	95.7711	131.8712	47.3106	86.2989	124.2754	39.0627	142.4080	1.1819	97.4178	43.4386	118.7431	133.6580	120.5887	143.2354	92.5883	88.2079	137.7268	47.9644	120.5826	50.9454	121.6545	71.1394	74.0681	143.7934	0.0000	159.6522	45.5827	66.8411	108.6103	28.2289	151.0147	93.7512	117.5428	73.4635	41.6490	121.9468	28.9176	38.0590	43.2745	134.6964
106.5789	170.2573	202.0972	62.0509	37.6380	122.9787	47.2677	176.0826	91.1933	141.0298	192.5767	111.9497	55.8301	10.8728	164.9885	139.9116	37.2708	129.7534	81.2788	52.4975	130.4254	133.1970	158.4751	169.4420	191.2959	41.1297	26.5770	103.9832	27.8065	73.4860	72.4741	78.6006	128.3670	41.2862	130.2926	109.5957	88.5432	105.5728	60.2995	159.6522	0.0000	143.6287	92.8141	51.0991	131.5346	24.1216	111.7887	143.8239	195.5892	180.3827	102.2306	158.6094	150.6329	182.2875	58.2386
48.5344	26.8474	59.2668	181.4781	148.5221	65.3957	112.9652	34.8147	151.9363	6.3184	120.4828	106.7845	99.0141	148.3821	44.5975	125.9896	109.6288	14.3673	62.4693	98.0318	64.1251	97.7569	45.1268	55.3873	51.1666	106.3688	117.1868	79.6794	121.4071	70.2166	72.9481	145.8445	15.7313	102.3426	78.3858	140.4068	62.6420	40.3760	112.3570	45.5827	143.6287	0.0000	60.0255	96.5142	38.3381	128.9934	52.4286	71.9786	53.7405	38.4171	81.3672	21.3568	9.5112	88.8195	104.5657
13.9627	83.8182	113.3706	122.2289	90.1347	36.5564	54.4397	87.0324	93.6292	60.3168	112.8433	58.5739	66.8613	94.9549	97.2207	86.0422	66.8314	45.9915	29.4584	62.4242	42.7501	113.6107	65.6647	106.0330	100.9115	52.0123	66.8802	81.8687	77.6358	31.9305	22.5898	86.4573	44.7441	54.3334	49.4777	86.6502	4.4155	40.1723	85.3676	66.8411	92.8141	60.0255	0.0000	41.8255	38.7439	85.3072	63.8514	101.9402	113.5060	91.6025	82.1164	69.1930	64.0647	93.9892	75.6232
55.7040	122.3733	153.3641	86.8885	53.0634	72.8479	20.3714	127.0723	77.9534	94.9883	145.7017	71.6645	43.7494	53.2624	125.2935	101.8594	32.4876	82.2021	37.8940	37.5277	80.1539	116.0151	107.4314	131.9205	141.7130	10.2324	25.9478	82.3250	40.3884	31.0567	23.5860	66.7668	80.8203	17.7501	81.7790	83.8445	37.6364	62.8943	61.3282	108.6103	51.0991	96.5142	41.8255	0.0000	80.5678	47.2837	77.6308	115.5614	149.9452	131.5209	81.4563	109.3262	102.4600	132.3007	52.5194
24.9922	53.1198	78.3011	157.6487	127.0109	27.4893	91.8056	52.7752	119.5989	42.5777	88.9335	70.1142	100.0072	133.6269	82.8642	87.6871	103.7902	31.0907	59.0612	96.7406	25.8018	125.0100	27.0647	93.5335	64.5048	90.7438	105.4617	99.1566	115.0876	64.9228	59.9890	115.4443	30.9340	92.3582	40.0477	104.8441	42.9914	51.0362	117.1822	28.2289	131.5346	38.3381	38.7439	80.5678	0.0000	122.8581	73.8579	104.2478	84.7081	57.3982	100.2084	36.0113	36.5340	62.3035	107.8510
98.1251	155.8408	188.2006	85.7284	58.0032	119.3388	53.3067	162.8042	107.1019	125.6148	192.9814	117.0123	33.9663	34.6539	145.6450	146.6223	19.4992	115.8346	67.0622	32.2014	126.4419	109.3321	149.8653	149.1962	178.6117	39.9489	23.0945	81.0489	7.7951	59.6708	62.9985	94.3868	114.4828	31.1406	128.9592	121.5874	80.8918	89.2669	36.1833	151.0147	24.1216	128.9934	85.3072	47.2837	122.8581	0.0000	91.6432	121.3891	179.0317	166.8711	79.1937	145.9281	136.8241	178.5537	34.7598
63.0896	75.8537	107.2355	162.8868	129.0405	92.1568	97.8903	85.9556	151.4639	46.5770	162.7799	122.4130	57.8638	119.4571	54.1710	149.1000	74.5522	46.4450	41.3900	59.6809	95.0871	51.6738	92.9708	57.6893	102.1778	84.6671	88.2075	27.2920	85.1616	46.8553	58.6231	141.8538	45.7996	73.9209	106.8908	149.1148	62.8308	24.7128	65.7629	93.7512	111.7887	52.4286	63.8514	77.6308	73.8579	91.6432	0.0000	39.0235	91.4563	88.7917	28.9408	73.7348	61.9398	134.9380	60.1906
99.1391	85.8470	111.2261	198.8936	165.4161	126.6048	135.9290	97.3431	190.4328	65.7895	191.6111	160.1818	87.9991	152.6467	44.0134	185.6946	107.0503	73.3798	80.3232	91.6390	128.2587	31.1400	117.0548	39.2476	111.5588	121.7488	122.7611	40.6790	116.1223	85.3580	97.5657	180.6705	73.3823	109.5152	141.2491	187.9169	101.3228	61.8073	88.8756	117.5428	143.8239	71.9786	101.9402	115.5614	104.2478	121.3891	39.0235	0.0000	87.5732	98.4844	42.7161	91.4919	80.2182	160.7147	86.9252
101.2588	31.6184	28.3263	235.2183	202.2209	111.5558	166.6993	35.6744	203.6176	54.9907	143.3834	154.5739	146.8565	201.0336	43.6056	168.4342	160.1452	68.0919	114.4583	147.0790	107.8112	118.6865	73.9409	49.8344	37.7343	159.6461	169.4703	114.9217	171.7412	122.2532	126.3613	198.3841	69.4413	154.4710	121.6126	189.5233	116.2959	90.1046	157.0460	73.4635	195.5892	53.7405	113.5060	149.9452	84.7081	179.0317	91.4563	87.5732	0.0000	32.2145	117.0456	48.9972	49.8530	109.0251	150.7471
78.1042	13.1192	21.8467	213.5714	181.7364	82.6300	146.0285	4.6400	176.8765	43.0797	111.7519	125.4790	137.3970	184.3862	57.8206	137.2608	147.4179	51.0387	99.9186	136.2748	78.0057	127.9602	42.2283	67.7670	13.4992	141.6523	153.8129	115.4346	159.2097	107.5246	108.3790	172.8318	52.3954	139.2319	91.2688	160.7834	95.1039	78.7757	150.6900	41.6490	180.3827	38.4171	91.6025	131.5209	57.3982	166.8711	88.7917	98.4844	32.2145	0.0000	117.3084	22.4121	30.0505	77.3778	142.9758
85.2870	104.2711	135.0336	159.6707	127.0204	115.0284	101.3401	114.6358	159.2162	75.4817	188.5154	139.3249	46.6970	111.5622	75.9902	167.9353	66.3728	74.8290	53.8146	51.2180	119.0422	34.5608	121.1126	76.0390	130.7579	85.4949	83.2085	2.2106	74.4242	55.5184	69.3018	148.2193	74.0622	71.5323	129.4668	161.5745	79.7885	49.1845	46.1895	121.9468	102.2306	81.3672	82.1164	81.4563	100.2084	79.1937	28.9408	42.7161	117.0456	117.3084	0.0000	102.6749	90.8784	162.1872	44.4900
55.7053	17.4413	44.1947	191.1833	159.3276	62.5642	123.6239	17.8432	155.5449	27.4824	104.5816	105.5918	117.6313	162.3359	57.6241	120.1749	126.4310	30.7256	78.8688	116.0224	58.9182	118.4927	28.8969	68.6190	32.7463	119.4913	132.0340	101.0074	138.2025	86.3107	86.3506	151.0541	31.9758	117.6162	72.8860	140.6176	72.7176	59.5992	132.0214	28.9176	158.6094	21.3568	69.1930	109.3262	36.0113	145.9281	73.7348	91.4919	48.9972	22.4121	102.6749	0.0000	11.9002	71.3520	123.8118
51.4621	19.9347	51.5155	186.2241	153.7029	64.0207	117.9981	26.0986	153.9308	15.5822	113.7053	106.4829	107.5289	154.9454	49.0705	123.7136	117.3770	21.0057	69.9092	106.2774	61.6831	106.7516	37.7631	60.0945	42.2925	112.4842	124.0920	89.1887	129.1689	77.5503	79.0600	148.5370	22.3721	109.4053	75.9791	140.8582	67.1335	49.0271	121.3156	38.0590	150.6329	9.5112	64.0647	102.4600	36.5340	136.8241	61.9398	80.2182	49.8530	30.0505	90.8784	11.9002	0.0000	81.2662	113.3490
83.0355	84.1877	86.5310	192.2556	167.5972	59.4583	136.7240	74.9708	139.6339	94.9419	34.3809	84.4200	160.0884	181.7347	128.9123	79.0774	160.6264	89.0702	119.7701	156.0994	52.1712	184.8396	43.6935	139.8619	72.4009	141.5872	158.2475	161.0324	171.0443	124.5917	116.5590	141.1896	89.4930	147.4163	53.1996	115.7204	98.3288	113.1553	178.0168	43.2745	182.2875	88.8195	93.9892	132.3007	62.3035	178.5537	134.9380	160.7147	109.0251	77.3778	162.1872	71.3520	81.2662	0.0000	168.4432
85.4120	130.9196	163.3540	117.8450	86.8528	112.1707	68.6522	139.3369	127.6638	100.1375	188.4233	122.4898	9.1850	68.0698	114.2195	152.7395	25.3547	93.0937	48.8484	15.1053	118.2830	75.0658	133.6330	116.6663	155.6283	51.7398	43.1493	46.3898	30.6384	43.9578	54.3013	115.5102	91.8680	36.4610	124.5374	136.2117	71.6264	64.3253	9.7686	134.6964	58.2386	104.5657	75.6232	52.5194	107.8510	34.7598	60.1906	86.9252	150.7471	142.9758	44.4900	123.8118	113.3490	168.4432	0.0000

SPEED_MATRIX_KMH
0	40	30	80	30	60	30	30	60	80	60	30	30	60	30	40	30	30	80	60	40	30	30	80	30	40	60	60	60	80	30	40	40	30	30	40	30	80	30	60	60	30	40	40	60	40	60	40	40	40	60	80	80	60	80
60	0	60	80	40	30	80	60	60	80	30	30	40	40	30	60	60	40	80	40	80	40	40	30	60	30	30	80	80	30	60	40	30	30	40	60	80	40	80	60	40	30	60	40	40	40	80	60	60	30	40	30	40	60	60
60	80	0	80	60	40	80	30	80	80	40	80	40	30	40	40	40	30	80	60	80	60	30	30	80	30	30	80	80	30	40	40	30	80	60	60	80	80	40	80	30	80	60	80	60	80	80	40	40	60	60	80	80	80	60
30	60	40	0	80	60	80	30	80	40	30	80	30	60	30	80	60	60	60	30	30	80	80	40	60	80	30	40	80	30	30	80	30	30	80	60	30	60	30	40	60	40	30	30	80	30	30	30	30	60	60	40	80	40	30
40	30	80	30	0	60	80	80	80	80	30	60	60	40	80	80	80	60	30	40	40	40	40	80	40	60	40	60	40	80	30	30	40	60	60	40	80	30	60	40	60	60	80	30	60	40	30	60	30	80	30	30	60	30	40
30	60	60	40	60	0	80	60	60	60	40	60	80	80	40	30	40	80	30	30	80	40	40	40	40	60	60	60	80	80	30	30	80	40	30	40	30	30	60	80	30	80	40	40	80	40	60	30	80	60	30	40	40	40	40
30	40	80	60	40	30	0	60	60	30	80	80	40	30	60	40	60	30	60	80	80	60	80	60	30	80	80	60	30	30	80	30	40	60	30	30	30	40	80	40	60	40	60	80	60	60	40	40	40	60	60	40	80	60	40
30	40	30	80	80	30	30	0	60	40	40	30	30	30	60	80	40	40	80	30	40	60	60	30	60	40	30	40	60	60	30	40	80	30	40	30	40	60	30	30	80	40	40	60	80	40	40	40	40	40	80	40	40	40	80
40	40	30	40	80	30	40	30	0	60	40	40	30	80	80	30	60	30	60	40	30	60	60	30	80	40	30	30	60	60	80	80	80	30	40	40	40	30	30	80	80	60	80	30	30	60	80	60	60	80	30	80	40	80	60
80	60	60	30	80	40	30	40	80	0	40	30	30	80	40	80	40	40	60	30	80	80	80	30	30	30	40	60	40	30	60	80	80	80	40	40	40	60	40	80	60	60	80	80	80	30	40	30	80	80	40	80	30	30	40
60	80	60	30	60	40	80	30	40	30	0	30	40	30	80	40	40	40	30	60	40	40	30	40	60	80	40	40	60	30	60	80	80	30	60	80	30	80	40	60	40	30	60	60	60	60	60	80	80	30	80	40	60	40	60
40	80	40	40	40	30	40	40	80	40	30	0	30	80	30	80	60	60	80	40	60	60	30	30	60	60	80	40	60	60	80	60	60	30	30	60	30	60	30	60	40	30	30	30	80	80	80	30	80	60	30	40	60	30	80
80	40	30	80	80	30	30	30	40	30	80	40	0	60	40	80	80	30	60	80	60	60	40	80	40	80	40	30	80	60	60	60	80	60	80	40	30	60	60	30	80	60	60	60	30	80	80	30	40	60	30	30	40	30	80
80	30	40	40	40	80	80	40	40	80	30	60	30	0	30	80	60	60	30	30	60	40	60	80	80	30	60	80	30	80	80	80	30	40	60	30	30	40	80	60	80	40	40	80	40	40	30	40	60	60	30	30	30	40	80
60	40	40	80	30	60	30	80	80	40	40	60	30	40	0	40	40	60	80	40	30	80	30	60	80	80	30	60	80	30	60	30	60	30	60	30	30	30	80	80	40	30	40	40	60	30	40	60	40	80	30	80	40	40	60
40	40	40	80	60	40	30	60	40	60	80	60	40	60	30	0	30	80	30	80	30	60	60	80	80	60	60	80	40	80	80	40	30	30	80	60	40	40	80	30	30	30	60	60	40	30	30	60	80	60	60	80	30	60	80
80	40	80	30	60	60	80	40	60	30	40	80	80	40	80	40	0	80	60	80	40	30	80	60	30	30	30	40	80	40	40	30	40	40	40	60	30	30	80	80	80	40	60	30	40	30	40	40	30	60	80	80	80	60	30
30	60	40	30	80	30	60	60	60	40	40	80	30	30	80	30	40	0	60	60	60	30	40	40	60	80	30	40	60	40	60	60	40	40	30	30	60	30	60	30	80	40	60	30	30	30	60	80	40	60	30	30	80	80	30
40	80	60	40	80	80	60	30	40	80	60	30	40	40	40	30	30	40	0	80	60	40	60	80	80	30	40	60	40	40	80	60	30	30	60	60	80	30	40	80	40	30	30	60	30	80	30	80	30	80	60	60	40	60	60
80	80	60	60	40	40	60	80	40	60	80	30	40	40	60	60	60	80	80	0	80	80	80	40	60	30	60	30	30	80	60	80	30	80	60	30	30	80	60	80	30	30	40	40	80	80	60	30	30	30	80	60	40	80	60
30	80	40	80	40	40	30	40	80	60	30	60	80	80	30	40	60	40	30	40	0	30	30	30	40	40	40	40	60	60	40	40	80	60	80	40	60	60	60	80	30	40	80	60	60	80	40	80	30	30	30	80	80	30	80
60	30	80	60	30	40	60	60	60	30	60	60	60	80	80	60	30	40	60	30	40	0	40	80	80	40	60	40	40	40	30	60	60	30	40	40	60	40	30	60	40	40	30	30	80	30	80	40	30	80	80	80	30	80	30
80	60	30	30	30	60	80	40	60	60	30	80	40	30	40	30	40	60	40	60	40	30	0	40	60	60	80	30	60	60	80	60	60	80	60	60	80	30	60	40	80	80	80	60	80	40	80	30	80	40	80	60	40	60	40
60	60	60	30	40	80	80	80	30	80	40	80	60	60	30	30	60	30	40	40	60	60	60	0	30	80	30	40	60	40	30	60	60	60	40	30	30	30	40	80	30	80	80	30	40	40	30	80	60	40	60	60	80	30	40
30	30	80	80	60	60	80	30	40	40	30	30	60	60	30	80	30	30	60	30	60	40	80	80	0	30	40	30	60	80	40	30	80	80	40	40	80	80	60	60	80	30	40	60	60	60	60	80	40	60	40	40	60	40	40
40	30	40	30	40	60	60	60	60	60	40	80	80	30	60	40	80	60	60	30	30	30	80	60	40	0	40	40	40	30	80	60	40	60	30	80	30	80	30	30	80	40	40	30	80	40	80	60	40	40	60	40	60	60	40
40	40	60	60	80	40	80	40	60	40	30	40	30	60	40	60	60	60	40	30	60	40	30	30	80	80	0	30	30	40	40	80	80	40	60	60	60	40	60	60	80	30	30	40	60	40	60	40	80	40	80	80	60	80	40
80	60	40	40	30	60	30	60	40	30	60	30	40	40	80	40	30	60	80	40	60	60	30	30	40	30	30	0	60	40	30	60	60	40	60	30	30	30	40	60	60	60	40	30	80	80	80	30	80	60	60	60	60	30	80
30	30	60	80	80	60	80	30	60	30	40	40	30	60	60	40	40	30	60	80	60	30	40	30	60	40	30	60	0	30	30	40	30	80	60	60	60	40	80	40	80	30	30	30	30	60	80	60	30	30	60	30	80	30	60
80	60	40	60	80	60	30	30	30	30	30	60	40	80	30	40	30	80	80	60	30	80	60	30	60	60	40	30	40	0	60	40	60	30	80	40	60	80	30	80	30	80	40	30	60	40	60	60	40	60	40	80	80	30	40
40	40	80	30	30	60	60	60	30	80	60	40	30	60	40	40	40	60	40	60	80	40	40	60	30	30	30	80	40	60	0	60	60	40	80	30	60	80	60	30	80	40	60	30	30	60	30	40	60	30	30	40	80	80	60
40	60	60	30	30	30	80	80	60	30	30	30	40	40	80	80	30	40	80	60	40	40	40	40	60	40	30	30	60	80	30	0	40	30	60	60	60	40	30	60	40	80	40	60	60	40	40	80	80	40	30	80	80	80	80
40	80	80	60	80	30	60	40	80	40	80	30	30	60	60	40	40	60	80	60	60	40	80	80	40	80	80	80	80	80	60	80	0	40	30	30	30	60	30	40	80	80	60	30	30	80	60	40	80	60	30	80	80	60	80
60	40	60	40	40	80	80	60	40	60	40	30	60	40	60	40	80	80	80	30	30	30	60	80	60	60	30	40	80	80	30	60	80	0	60	30	80	40	80	40	80	40	30	80	40	30	40	30	40	80	30	60	60	40	40
40	40	80	60	80	80	60	80	60	30	60	40	80	80	40	40	40	40	30	60	80	60	80	40	30	40	40	60	40	60	30	40	80	60	0	30	40	40	80	60	30	40	40	40	80	30	30	40	40	30	40	30	80	40	60
80	60	30	60	60	40	40	40	30	80	40	40	40	60	60	40	40	40	80	60	40	60	80	30	80	30	60	60	30	40	60	60	40	60	60	0	40	40	60	80	80	80	40	30	60	60	40	80	60	60	60	80	80	80	80
80	60	80	40	60	60	80	30	40	80	30	80	80	60	80	40	60	60	30	30	30	30	60	40	60	80	30	80	60	30	60	60	80	30	60	80	0	30	60	60	40	40	80	80	30	40	60	80	80	80	60	40	80	30	80
60	30	80	30	30	40	60	30	40	80	30	80	80	30	40	40	60	60	40	60	60	40	80	30	40	80	60	40	60	40	80	80	40	60	80	60	40	0	30	80	30	60	40	30	60	80	60	30	80	60	80	30	40	30	60
30	40	40	80	30	30	60	40	30	30	60	30	40	40	30	40	30	80	40	80	30	60	40	60	40	60	40	80	60	80	30	30	40	40	60	60	80	30	0	80	80	60	40	30	80	60	80	60	80	40	40	40	40	30	80
40	60	80	40	80	60	80	60	60	60	30	30	80	40	30	80	80	80	40	40	60	30	30	40	40	60	80	80	60	60	80	80	60	40	60	80	80	30	60	0	30	40	60	40	40	60	60	30	40	40	30	80	30	60	80
60	60	80	40	40	80	80	60	60	80	80	30	30	30	30	80	30	30	40	30	80	30	40	60	40	40	40	40	30	80	80	80	30	80	30	80	60	30	60	40	0	60	40	40	40	40	80	80	80	40	40	80	40	30	80
80	40	60	30	30	60	40	40	60	60	30	30	40	60	60	80	60	60	30	40	60	30	40	80	60	30	60	40	60	80	30	80	60	30	30	40	30	80	40	40	60	0	30	40	40	30	40	30	60	80	60	60	30	60	60
30	80	40	40	60	40	80	60	30	40	60	40	40	80	60	40	30	30	40	80	80	40	60	40	80	60	40	30	60	60	40	40	30	60	80	60	80	60	40	30	60	40	0	60	60	40	80	60	30	30	40	30	60	60	60
40	60	30	30	40	80	40	30	60	60	60	80	80	40	80	30	60	30	80	30	60	80	60	80	30	80	80	30	40	80	30	80	80	80	80	30	30	30	40	60	80	30	60	0	80	80	40	30	60	30	60	80	60	80	80
80	60	80	40	80	80	60	80	80	60	60	80	60	40	80	80	40	30	30	80	80	40	40	60	30	60	80	40	60	60	30	30	30	80	40	60	40	30	30	40	30	30	60	80	0	30	60	30	30	40	30	60	40	60	40
40	40	80	30	60	60	80	60	30	30	80	80	60	60	60	40	60	30	40	30	80	80	30	40	80	40	30	40	60	60	60	40	60	40	40	80	80	80	80	30	30	40	60	60	40	0	30	30	60	60	30	60	80	40	80
60	60	60	30	80	80	30	40	30	30	80	60	80	80	40	60	30	40	30	30	40	30	40	40	60	40	60	40	30	60	80	30	40	30	80	80	80	40	30	30	80	30	30	60	60	60	0	60	40	80	80	60	60	40	80
30	30	30	60	60	80	30	80	30	80	30	40	30	30	30	40	60	30	30	30	60	40	30	60	40	30	40	80	80	30	30	30	30	30	60	60	80	40	40	40	80	60	40	60	40	30	60	0	60	40	40	30	40	80	60
60	60	60	40	80	30	30	80	40	80	30	30	80	60	40	80	30	30	30	30	60	80	80	30	60	40	40	60	40	80	80	60	40	40	80	60	40	80	40	40	40	60	80	30	30	60	30	80	0	80	40	40	40	80	30
80	30	60	80	30	40	40	80	30	30	30	40	40	60	40	60	60	40	30	40	30	30	30	80	30	40	60	60	30	40	60	80	60	30	30	60	40	30	80	60	40	60	60	30	30	80	40	60	30	0	80	80	40	40	60
60	60	60	30	30	80	60	40	40	40	60	80	60	40	60	40	40	60	40	80	60	60	80	40	60	60	30	80	40	30	60	30	80	60	30	60	60	80	80	60	40	80	60	60	80	60	30	30	40	60	0	60	40	30	40
60	60	80	30	40	30	40	30	80	80	60	40	60	60	40	40	30	60	60	80	40	40	30	60	40	40	60	80	40	40	40	60	40	30	60	80	60	30	60	60	30	60	80	40	60	60	40	40	60	30	60	0	40	60	40
40	60	30	30	30	30	30	80	40	30	40	40	40	60	60	40	60	40	40	30	30	30	40	40	40	80	80	40	80	30	60	60	60	30	30	80	80	40	30	30	40	60	80	60	80	30	40	80	30	80	60	30	0	80	40
80	60	30	30	80	30	30	80	80	60	40	80	60	60	80	30	60	40	60	40	80	40	30	80	30	80	60	30	60	40	60	80	60	30	80	60	60	40	60	80	60	80	40	40	60	40	60	30	60	80	80	80	60	0	60
80	40	30	60	30	30	40	40	40	40	30	30	80	40	60	80	30	60	80	60	60	30	40	80	80	80	40	80	40	80	60	40	40	40	40	30	40	40	30	30	80	60	80	60	80	40	80	80	40	40	80	40	80	40	0

EOF
