# EVRP Instance: C75R2-1
# Generated following Zhang, Gajpal, Appadoo & Abdulkader (2018)
# Int. J. Production Economics, 203, 404-413
#
# Node indexing:
#   0          = Depot
#   1..75       = Customers
#   76..77     = Recharging Stations
#
# Coordinates in miles. Distances computed as Euclidean.
# Speeds in km/h. Demands in tons.
# Energy formula: E_ij = eff_d * eff_m * [alpha*(w+L)*d + beta*s^2*d]
#   with d in meters, s in m/s

NAME: C75R2-1
CUSTOMERS: 75
STATIONS: 2
TOTAL_NODES: 78
VEHICLE_CAPACITY_TONS: 3.0
BATTERY_CAPACITY_KWH: 110.0
CURB_WEIGHT_KG: 2500
ALPHA: 0.0981
BETA: 2.11
EFF_MOTOR: 1.25
EFF_BATTERY_DISCHARGE: 1.11
EFF_RECHARGE: 1.25
EMISSION_RATE_KG_PER_KWH: 0.69
MAX_VEHICLES: 5
GRID_SIZE_MILES: 200
MILES_TO_METERS: 1609.34

NODE_COORD_SECTION
# NodeID  Type       X_miles   Y_miles   Demand_tons
0	D	100.00	100.00	0.0000
1	C	91.59	11.90	0.0707
2	C	82.64	88.28	0.0772
3	C	53.51	18.31	0.0603
4	C	129.42	115.37	0.0614
5	C	160.86	14.61	0.1448
6	C	94.44	141.36	0.0589
7	C	193.09	176.92	0.0906
8	C	48.63	104.68	0.1191
9	C	58.36	45.64	0.1461
10	C	57.06	65.60	0.0513
11	C	143.08	163.97	0.1317
12	C	49.14	111.69	0.1029
13	C	21.10	192.73	0.1151
14	C	184.81	96.75	0.0816
15	C	185.99	195.00	0.0746
16	C	19.45	63.59	0.0626
17	C	5.44	191.00	0.1425
18	C	20.46	44.63	0.1052
19	C	77.96	28.50	0.0830
20	C	181.84	95.00	0.1417
21	C	78.62	156.27	0.0501
22	C	96.22	83.09	0.1296
23	C	170.05	158.36	0.0517
24	C	16.05	135.56	0.0519
25	C	12.62	121.16	0.1408
26	C	85.78	28.98	0.1009
27	C	37.01	62.43	0.0990
28	C	8.07	31.46	0.0790
29	C	24.77	46.97	0.1485
30	C	64.80	61.41	0.1390
31	C	15.27	113.12	0.1223
32	C	87.55	0.62	0.0518
33	C	198.23	122.01	0.0793
34	C	165.13	51.79	0.1251
35	C	152.70	6.43	0.0711
36	C	164.75	8.85	0.1093
37	C	73.30	67.90	0.1051
38	C	171.19	84.41	0.1165
39	C	117.79	118.55	0.0503
40	C	110.70	85.00	0.0628
41	C	37.33	188.07	0.1268
42	C	96.50	184.07	0.1179
43	C	71.06	48.79	0.1005
44	C	122.61	22.96	0.0884
45	C	131.86	164.64	0.1038
46	C	92.25	189.21	0.0762
47	C	71.06	78.07	0.0772
48	C	111.43	45.35	0.0705
49	C	182.70	51.35	0.1437
50	C	146.13	126.89	0.0614
51	C	36.10	161.21	0.1167
52	C	61.57	18.05	0.0778
53	C	127.74	129.09	0.1300
54	C	197.32	137.91	0.0683
55	C	164.82	154.84	0.1436
56	C	91.63	36.74	0.1327
57	C	19.01	159.11	0.0543
58	C	80.42	61.65	0.1197
59	C	143.92	33.13	0.0677
60	C	46.25	153.08	0.0845
61	C	140.45	5.05	0.0918
62	C	42.34	52.24	0.1220
63	C	6.09	191.36	0.1227
64	C	41.01	133.14	0.1440
65	C	172.14	0.93	0.0670
66	C	16.20	180.24	0.1271
67	C	124.24	99.83	0.0599
68	C	125.60	5.63	0.0591
69	C	70.77	158.40	0.1445
70	C	100.29	102.39	0.0542
71	C	45.19	191.00	0.1415
72	C	123.73	3.58	0.0788
73	C	7.46	31.31	0.1430
74	C	123.70	185.17	0.1002
75	C	153.79	70.63	0.0708
76	S	1.56	117.96	0.0000
77	S	22.63	147.36	0.0000

DISTANCE_MATRIX_MILES
0.0000	88.5005	20.9458	93.9924	33.1930	104.8589	41.7320	120.7578	51.5827	68.4755	55.0200	77.1236	52.1862	121.7541	84.8722	128.1377	88.3968	131.2349	96.9146	74.8199	81.9926	60.1948	17.3273	91.1751	91.1708	89.9056	72.4296	73.3433	114.6685	92.0420	52.2324	85.7398	100.1568	100.6656	81.0316	107.3901	111.8074	41.7528	72.8770	25.7019	18.4253	108.0919	84.1428	58.8217	80.2893	72.0652	89.5460	36.3104	55.8325	95.9485	53.3952	88.4866	90.5134	40.1962	104.4430	84.9062	63.8113	100.2665	43.0592	80.0035	75.5417	103.2071	74.8712	131.0181	67.6615	122.5522	116.0211	24.2406	97.7807	65.3066	2.4075	106.2315	99.2972	115.2474	88.4060	61.2859	100.0650	90.7143
88.5005	0.0000	76.9026	38.6157	110.1687	69.3230	129.4914	193.7365	102.2433	47.3563	63.8436	160.5506	108.4437	194.0833	126.0535	206.0024	88.7470	198.7426	78.2990	21.4788	122.6812	144.9514	71.3404	166.1520	144.9072	134.8110	18.0411	74.3791	85.7799	75.4640	56.2934	126.7684	11.9817	153.2850	83.6621	61.3543	73.2235	58.9112	107.6748	109.8210	75.5566	184.3367	172.2400	42.2179	32.9327	157.9594	177.3112	69.2817	38.8912	99.2841	127.2687	159.2878	30.6435	122.6390	164.4912	160.6066	24.8400	164.1300	50.9885	56.4725	148.2819	49.3378	63.6622	198.7867	131.3677	81.2936	184.4506	93.7961	34.5831	147.9720	90.9073	185.0129	33.1994	86.3401	176.2202	85.5456	139.1191	152.0029
20.9458	76.9026	0.0000	75.7915	54.0577	107.4506	54.3758	141.6201	37.7576	49.0682	34.1865	96.8606	40.8690	121.2311	102.5205	148.5610	67.8423	128.4961	75.9715	59.9629	99.4274	68.1087	14.5380	112.0344	81.6678	77.3556	59.3831	52.4435	93.7507	71.1017	32.2531	71.8035	87.7974	120.4108	90.2004	107.7396	114.2417	22.4183	88.6345	46.3874	28.2511	109.5949	96.7875	41.1528	76.5787	90.8485	101.3865	15.4383	51.6899	106.6575	74.3082	86.5145	73.3226	60.8232	124.9586	105.7534	52.3182	95.2138	26.7224	82.4425	74.3187	101.3372	54.0645	128.3954	61.2003	125.0611	113.4501	43.1736	93.1482	71.1176	22.5968	109.3339	94.1407	94.3272	105.2312	73.3065	86.3416	84.2119
93.9924	38.6157	75.7915	0.0000	123.2192	107.4137	129.6787	211.2811	86.5078	27.7570	47.4231	170.9960	93.4822	177.4056	152.9461	220.8400	56.6601	179.2556	42.2498	26.4885	149.4990	140.2265	77.5925	182.1965	123.0886	110.6802	33.9883	47.1044	47.3045	40.5880	44.5542	102.2313	38.3622	178.0381	116.5330	99.8989	111.6415	53.3930	134.9733	119.0797	87.8536	170.5293	171.2440	35.1715	69.2563	165.9855	175.2358	62.2837	63.9210	133.3480	142.7168	143.9567	8.0642	133.3503	187.0440	176.1544	42.3415	144.9651	51.0147	91.6166	134.9654	87.9454	35.7213	179.4295	115.5083	119.8964	166.1727	107.9270	73.1967	141.1493	96.2175	172.8903	71.7483	47.8498	181.0218	113.1082	112.3785	132.6932
33.1930	110.1687	54.0577	123.2192	0.0000	105.5512	43.5784	88.5566	81.4942	99.5580	87.8238	50.4832	80.3643	133.1082	58.4359	97.6786	121.5507	145.2272	129.9093	100.9680	56.2387	65.2185	46.3059	59.1518	115.1538	116.9434	96.7868	106.5000	147.5355	125.0207	84.1869	114.1722	122.1502	69.1296	72.9220	111.3996	112.2262	73.5041	51.9928	12.0569	35.6760	117.3280	76.1802	88.5369	92.6606	49.3304	82.6677	69.2617	72.2941	83.2906	20.2962	103.9708	118.6373	13.8225	71.5434	53.0193	87.2397	118.7584	72.7106	83.5085	91.3197	110.8700	107.5561	144.8612	90.1782	122.1536	130.4871	16.3806	109.8065	72.7420	31.8910	113.2015	111.9347	148.1227	70.0340	50.9467	127.8862	111.4785
104.8589	69.3230	107.4506	107.4137	105.5512	0.0000	143.0985	165.4790	143.9034	107.0939	115.6478	150.4146	148.0064	226.4058	85.5604	182.1320	149.6524	235.0932	143.5735	84.0556	83.0826	163.8016	94.1692	144.0435	188.6765	182.5596	76.4428	132.7613	153.7163	139.8844	106.8539	175.7859	74.6329	113.7158	37.4244	11.5541	6.9505	102.5016	70.5603	112.5102	86.4337	212.9508	181.2702	96.0849	39.1508	152.8071	187.5966	109.9600	58.2089	42.7412	113.2421	192.5010	99.3496	119.1747	128.5777	140.2859	72.6810	202.4887	93.1845	25.0989	179.7481	22.5380	124.3503	234.9347	168.5627	17.7308	219.9086	92.7549	36.3855	169.6814	106.6492	210.9336	38.7337	154.3064	174.5611	56.4644	189.8887	191.6510
41.7320	129.4914	54.3758	129.6787	43.5784	143.0985	0.0000	104.8634	58.6854	102.2941	84.4798	53.6382	54.1516	89.5412	100.7809	106.1068	108.0355	101.9075	121.7774	114.0569	98.9344	21.7389	58.2972	77.4976	78.6043	84.2766	112.7132	97.6122	139.7776	117.3174	85.2674	84.0559	140.9086	105.5783	114.1046	146.9705	150.0080	76.4413	95.5713	32.6423	58.6586	73.7792	42.7597	95.4769	121.7050	44.0706	47.9001	67.4704	97.5017	126.0620	53.6772	61.6245	127.6158	35.4886	102.9378	71.6593	104.6577	77.4903	80.9336	119.0042	49.5947	143.8657	103.2317	101.5171	54.0586	160.4926	87.3679	51.1154	139.2608	29.1656	39.4066	69.9263	140.8589	140.2730	52.6827	92.3318	95.7823	72.0602
120.7578	193.7365	141.6201	211.2811	88.5566	165.4790	104.8634	0.0000	161.5157	188.1133	175.7734	51.6595	158.0397	172.7151	80.5964	19.4241	207.3512	188.1775	217.4897	187.8388	82.6889	116.3177	134.8624	29.5857	181.8071	188.8878	182.7613	193.5689	235.3530	212.6467	172.6293	188.9190	205.4760	55.1500	128.2157	175.2090	170.4426	161.9722	95.0669	95.2741	123.4399	156.1586	96.8543	176.9424	169.3255	62.4493	101.5862	157.0434	154.8516	125.9991	68.6166	157.7741	206.2455	80.9835	39.2387	35.8709	173.0450	174.9887	161.1884	151.9646	148.7627	179.7506	195.6289	187.5567	158.2562	177.2326	176.9212	103.3595	184.1064	123.7141	119.0234	148.5687	186.7018	235.9253	69.8787	113.3228	200.3997	173.0041
51.5827	102.2433	37.7576	86.5078	81.4942	143.9034	58.6854	161.5157	0.0000	59.8364	39.9789	111.5173	7.0285	92.2535	136.4107	164.3943	50.3970	96.5221	66.3291	81.6311	133.5612	59.6735	52.2584	132.7568	44.8891	39.6019	84.3244	43.8188	83.7035	62.4479	46.1927	34.4111	111.1002	150.6004	127.9437	143.1210	150.5564	44.2874	124.2249	70.5371	65.1152	84.1521	92.7055	60.2229	110.2325	102.5789	95.1211	34.8023	86.3938	144.2874	99.9977	57.9020	87.5911	82.7903	152.3580	126.5549	80.4043	61.9675	53.4994	119.1620	48.4585	135.4882	52.8159	96.5561	29.4625	161.3034	82.2254	75.7654	125.4404	58.1035	51.7107	86.3885	125.9413	84.1316	110.0643	110.5352	48.9075	49.9758
68.4755	47.3563	49.0682	27.7570	99.5580	107.0939	102.2941	188.1133	59.8364	0.0000	20.0023	145.5317	66.6904	151.7359	136.3885	196.4633	42.8508	154.6934	37.9135	26.0373	132.9801	112.4698	53.2530	158.6835	99.3768	88.2917	32.0845	27.1611	52.2509	33.6163	17.0343	80.0643	53.6550	159.3612	106.9470	102.1639	112.5715	26.8088	119.3052	94.0627	65.4881	143.9742	143.5880	13.0848	68.1355	139.8687	147.5157	34.8281	53.0708	124.4710	119.6041	117.6942	27.7761	108.5241	166.8042	152.5070	34.4398	120.0994	27.2574	86.4697	108.1203	91.5768	17.3263	154.8111	89.2035	122.2492	141.0483	85.3038	78.2433	113.4408	70.5598	145.9554	77.7321	52.8787	154.0712	98.6478	91.9588	107.8128
55.0200	63.8436	34.1865	47.4231	87.8238	115.6478	84.4798	175.7734	39.9789	20.0023	0.0000	130.6755	46.7655	132.1180	131.4929	182.6672	37.6637	135.6089	42.1818	42.5819	128.1968	93.1981	42.8883	146.1888	81.0939	71.1465	46.5388	20.2990	59.7123	37.2790	8.8013	63.2815	71.7777	152.0232	108.9488	112.4638	121.7280	16.4021	115.6697	80.5719	57.0404	124.0491	124.8625	21.8764	78.1983	124.1127	128.5215	18.7484	58.0186	126.4455	108.1200	97.8805	47.7634	95.0086	157.8024	139.9142	45.0331	100.9551	23.6916	92.7306	88.1454	103.0543	19.8788	135.6964	69.4208	132.0061	121.7040	75.3979	91.0721	93.8073	56.7656	125.9605	91.0570	60.2990	136.8864	96.8607	76.3008	88.7137
77.1236	160.5506	96.8606	170.9960	50.4832	150.4146	53.6382	51.6595	111.5173	145.5317	130.6755	0.0000	107.5078	125.3246	79.1197	52.9540	159.2499	140.2690	171.1073	150.3088	79.1151	64.9183	93.4742	27.5473	130.1682	137.3044	146.6478	146.8374	189.1735	166.3919	129.0206	137.5541	172.5306	69.2976	114.3265	157.8334	156.6263	118.7379	84.3799	51.9862	85.3506	108.4614	50.7317	135.8430	142.4880	11.2400	56.7516	112.0968	122.7698	119.3860	37.2052	107.0156	167.1422	38.1042	60.1756	23.5793	137.2391	124.1652	119.9819	130.8427	97.4404	158.9418	150.4398	139.7014	106.6245	165.6096	127.9189	66.8497	159.3019	72.5242	74.9872	101.5533	161.5530	189.7142	28.7232	93.9524	148.8114	121.5899
52.1862	108.4437	40.8690	93.4822	80.3643	148.0064	54.1516	158.0397	7.0285	66.6904	46.7655	107.5078	0.0000	85.7539	136.4901	160.2139	56.5253	90.5526	72.9355	88.0407	133.7455	53.4457	55.0862	129.6045	40.8010	37.7279	90.4623	50.7315	90.1310	69.1562	52.6623	33.9002	117.5239	149.4467	130.5438	147.6629	154.7312	50.0127	125.0616	68.9919	67.0969	77.2876	86.4976	66.6100	115.1992	98.2156	88.7007	40.1347	91.0002	146.5578	98.1738	51.2081	94.4614	80.5029	150.4819	123.4657	86.1563	56.1825	59.0122	123.1053	41.4908	140.3909	59.8376	90.5572	22.9390	165.5197	76.0536	76.0307	130.7473	51.4751	51.9886	79.4083	131.3447	90.5437	104.6829	112.4168	47.9913	44.4424
121.7541	194.0833	121.2311	177.4056	133.1082	226.4058	89.5412	172.7151	92.2535	151.7359	132.1180	125.3246	85.7539	0.0000	189.7712	164.9056	129.1505	15.7553	148.1014	173.7946	188.1183	68.1020	132.9058	152.8640	57.3926	72.0706	176.0613	131.2677	161.7955	145.8062	138.4003	79.8232	203.2778	190.7259	201.5161	228.0926	233.3392	135.3047	185.0952	121.8673	140.1211	16.8857	75.8957	152.3638	197.8033	114.2665	71.2370	125.0716	172.8594	214.7158	141.3061	34.9072	179.3068	124.1859	184.5500	148.6307	171.1939	33.6849	143.8778	201.3875	46.9536	222.4145	142.0865	15.0724	62.8281	244.1318	13.4168	138.8102	214.3051	60.3793	120.1348	24.1520	215.1991	161.9953	102.8781	180.3193	77.2811	45.3958
84.8722	126.0535	102.5205	152.9461	58.4359	85.5604	100.7809	80.5964	136.4107	136.3885	131.4929	79.1197	136.4901	189.7712	0.0000	98.2571	168.6521	202.6244	172.4164	126.7872	3.4472	121.7331	89.6370	63.3534	173.1651	173.9116	119.9988	151.7323	188.4139	167.6033	125.1052	170.3285	136.7497	28.6036	49.0785	95.8580	90.1599	115.1816	18.3788	70.4764	75.0357	173.4638	124.1911	123.4473	96.5081	86.0974	130.8289	115.2736	89.5912	45.4490	49.0363	162.0795	146.2251	65.5962	43.0191	61.4333	110.8319	177.1395	110.1330	75.6274	149.5725	101.8661	149.2610	202.2174	148.3330	96.6540	188.1486	60.6483	108.6677	129.6374	84.7080	168.4542	111.4065	189.0381	107.4827	40.5524	184.4734	169.8933
128.1377	206.0024	148.5610	220.8400	97.6786	182.1320	106.1068	19.4241	164.3943	196.4633	182.6672	52.9540	160.2139	164.9056	98.2571	0.0000	212.1418	180.5943	223.6321	198.4760	100.0861	114.1417	143.4660	39.9571	180.0353	188.4397	193.9193	199.4238	241.6627	218.8716	180.3699	189.3400	217.8853	74.0092	144.7213	191.4859	187.3578	169.8630	111.5759	102.4492	133.2989	148.8214	90.1550	185.9738	183.3434	62.0628	93.9186	163.9559	167.1954	143.6877	78.9164	153.6515	216.3138	87.9613	58.2034	45.3982	184.2554	170.7935	170.0801	167.2477	145.8923	195.3328	202.5234	179.9368	157.6257	194.5636	170.4303	113.4477	198.7661	120.8934	126.1788	140.8568	201.2906	242.2135	63.0609	128.4708	199.8739	170.1648
88.3968	88.7470	67.8423	56.6601	121.5507	149.6524	108.0355	207.3512	50.3970	42.8508	37.6637	159.2499	56.5253	129.1505	168.6521	212.1418	0.0000	128.1780	18.9869	68.2256	165.3998	109.9576	79.2078	177.9374	72.0503	57.9737	74.8166	17.5983	34.0858	17.4507	45.4024	49.7061	92.7514	188.0829	146.1571	144.9925	155.2693	54.0222	153.1617	112.6559	93.7281	125.7576	143.0110	53.6901	110.8728	151.1526	145.1903	53.6028	93.7711	163.7082	141.6147	99.0297	62.0321	126.5582	192.7724	171.6362	77.0122	95.5210	61.0009	128.1429	93.4168	134.4170	25.5495	128.4666	72.8151	165.0470	116.6953	110.8796	120.9429	107.8085	89.6691	129.9841	120.3142	34.4348	160.1554	134.5243	57.2377	83.8303
131.2349	198.7426	128.4961	179.2556	145.2272	235.0932	101.9075	188.1775	96.5221	154.6934	135.6089	140.2690	90.5526	15.7553	202.6244	180.5943	128.1780	0.0000	147.1386	177.9477	200.8307	81.0030	141.0162	167.8148	56.4461	70.2081	180.8452	132.3892	159.5617	145.3213	142.5383	78.4979	207.3321	204.7623	211.8498	236.1178	241.9882	140.5653	197.0647	133.6844	149.3843	32.0243	91.3233	156.6195	204.8567	129.1389	86.8285	130.6108	180.1327	225.6618	154.6084	42.7490	181.8304	137.0771	199.0891	163.4305	176.7056	34.6571	149.5106	209.9992	55.7080	229.7936	143.5825	0.7430	67.9191	252.8151	15.2169	149.7512	220.9083	73.0121	129.8008	39.7500	221.6276	159.7028	118.4036	191.0410	73.1430	46.9036
96.9146	78.2990	75.9715	42.2498	129.9093	143.5735	121.7774	217.4897	66.3291	37.9135	42.1818	171.1073	72.9355	148.1014	172.4164	223.6321	18.9869	147.1386	0.0000	59.7196	169.0581	125.8812	84.9632	187.9140	91.0369	76.9305	67.1686	24.3052	18.0821	4.9043	47.4089	68.6864	80.2368	193.8810	144.8471	137.6469	148.6601	57.7370	155.8909	122.2182	98.8585	144.4286	158.8257	50.7707	104.4232	163.7448	161.4224	60.6514	90.9728	162.3791	150.1987	117.6244	48.9544	136.5375	199.9515	181.6206	71.6060	114.4892	62.3288	123.9944	111.4743	126.3494	23.1656	147.4320	90.8643	157.8497	135.6769	117.5471	112.1402	124.3974	98.5345	148.4444	111.1296	18.6124	174.3846	135.8414	75.7265	102.7529
74.8199	21.4788	59.9629	26.4885	100.9680	84.0556	114.0569	187.8388	81.6311	26.0373	42.5819	150.3088	88.0407	173.7946	126.7872	198.4760	68.2256	177.9477	59.7196	0.0000	123.3422	127.7717	57.5630	159.1986	123.6717	113.3807	7.8347	53.1803	69.9527	56.3056	35.4437	105.3118	29.4833	152.3450	90.2277	77.9304	88.9867	39.6746	108.7095	98.4654	65.3005	164.6614	156.6709	21.4311	44.9924	146.4217	161.3441	50.0479	37.4722	107.2035	119.6985	139.1553	19.4380	112.2337	161.9177	153.3182	15.9614	143.2972	33.2412	66.1223	128.5523	66.7451	42.8062	178.0131	110.9722	98.1324	163.8271	85.0283	52.8451	130.0988	77.1904	165.7713	52.1143	70.5560	163.2104	86.7475	117.6437	131.1072
81.9926	122.6812	99.4274	149.4990	56.2387	83.0826	98.9344	82.6889	133.5612	132.9801	128.1968	79.1151	133.7455	188.1183	3.4472	100.0861	165.3998	200.8307	169.0581	123.3422	0.0000	120.0349	86.4444	64.4476	170.6793	171.2301	116.5597	148.4471	185.0226	164.2494	121.7647	167.5527	133.4099	31.5939	46.3285	93.2405	87.8288	111.8720	15.0190	68.2423	71.8394	171.8871	123.3547	120.0315	93.2628	85.7189	130.0073	112.0662	86.1550	43.6585	47.8767	160.0747	142.7802	63.9448	45.6169	62.2134	107.3875	174.9963	106.7625	72.5660	147.5057	99.0158	145.9064	200.4328	145.9032	94.5688	186.2860	57.8022	105.5933	127.8910	81.8842	167.0007	108.3254	185.6470	107.2888	37.1578	181.7362	167.5989
60.1948	144.9514	68.1087	140.2265	65.2185	163.8016	21.7389	116.3177	59.6735	112.4698	93.1981	64.9183	53.4457	68.1020	121.7331	114.1417	109.9576	81.0030	125.8812	127.7717	120.0349	0.0000	75.2667	91.4539	65.9083	74.7577	127.4912	102.6515	143.3696	121.8454	95.8614	76.6495	155.9060	124.4199	135.6468	167.1522	170.7367	88.5300	117.1882	54.3791	78.1571	52.1163	33.0535	107.7456	140.3805	53.8939	35.6486	78.5646	115.6708	147.7865	73.6260	42.8060	139.2676	56.1385	120.1115	86.2119	120.2359	59.6776	94.6371	139.3827	32.5268	163.3721	110.1748	80.5724	44.1532	181.3188	66.8642	72.5717	157.7958	8.1338	58.0745	48.2052	159.2142	143.8011	53.5483	113.9506	86.0575	56.6945
17.3273	71.3404	14.5380	77.5925	46.3059	94.1692	58.2972	134.8624	52.2584	53.2530	42.8883	93.4742	55.0862	132.9058	89.6370	143.4660	79.2078	141.0162	84.9632	57.5630	86.4444	75.2667	0.0000	105.4345	95.8140	91.8601	55.1079	62.7109	102.1571	80.0610	38.1738	86.3406	82.9245	109.1824	75.6854	95.2195	101.0343	27.4966	74.9816	41.5051	14.6054	120.3696	100.9804	42.5384	65.6662	88.9978	106.1942	25.6559	40.6897	92.1207	66.4037	98.5756	73.6941	55.7630	115.0063	99.2674	46.5767	108.3532	26.6329	69.0745	85.9977	89.7025	62.0868	140.8752	74.5194	111.8665	125.8623	32.6397	82.8446	79.4940	19.7245	119.3676	84.1347	102.7595	105.7141	58.9029	100.8783	97.7043
91.1751	166.1520	112.0344	182.1965	59.1518	144.0435	77.4976	29.5857	132.7568	158.6835	146.1888	27.5473	129.6045	152.8640	63.3534	39.9571	177.9374	167.8148	187.9140	159.1986	64.4476	91.4539	105.4345	0.0000	155.6786	161.7654	154.4041	164.0189	205.7696	183.0683	143.0974	161.2560	178.0117	45.9939	106.6835	152.9175	149.6039	132.4522	73.9588	65.6958	94.3616	136.0047	77.9141	147.6638	143.4703	38.7029	83.6933	127.4579	127.3089	107.7551	39.5288	133.9803	177.3550	51.4477	34.0860	6.3042	144.7105	151.0419	131.8574	127.9270	123.9125	156.1413	166.0461	167.2480	131.4814	157.4439	155.3981	74.3257	159.0668	99.2800	89.4377	129.0558	161.5623	206.3425	53.5453	89.2241	173.2658	147.8298
91.1708	144.9072	81.6678	123.0886	115.1538	188.6765	78.6043	181.8071	44.8891	99.3768	81.0939	130.1682	40.8010	57.3926	173.1651	180.0353	72.0503	56.4461	91.0369	123.6717	170.6793	65.9083	95.8140	155.6786	0.0000	14.8029	127.3639	76.0744	104.4054	89.0181	88.7400	22.4536	152.7123	182.6832	171.0037	188.0101	195.3641	88.6309	163.3547	103.1522	107.3077	56.6581	93.9437	102.7382	155.0284	119.4052	93.1921	79.5688	131.2829	186.7178	130.3686	32.5565	126.0185	111.8772	181.2852	150.0141	124.4095	23.7353	98.0111	163.8372	34.9140	180.3004	87.3693	56.6819	25.0770	206.1294	44.6803	113.9373	169.9500	59.2954	90.5352	62.6317	170.3341	104.6033	118.5313	152.2768	22.7974	13.5106
89.9056	134.8110	77.3556	110.6802	116.9434	182.5596	84.2766	188.8878	39.6019	88.2917	71.1465	137.3044	37.7279	72.0706	173.9116	188.4397	57.9737	70.2081	76.9305	113.3807	171.2301	74.7577	91.8601	161.7654	14.8029	0.0000	117.6841	63.5931	89.8153	75.1783	79.3273	8.4655	141.9310	185.6119	167.5455	181.0673	189.0954	80.7384	162.7729	105.2024	104.5334	71.3269	104.8500	93.0196	147.4484	126.9200	104.7461	72.6084	124.5414	183.8495	133.6329	46.4253	114.1393	115.3928	185.4580	155.8820	115.6258	38.4842	90.2124	158.0790	46.3666	172.6906	75.0549	70.5031	30.8142	199.7546	59.1884	113.6398	161.5910	69.0524	89.6568	77.0612	161.7730	89.9980	128.2031	149.9408	11.5136	28.0471
72.4296	18.0411	59.3831	33.9883	96.7868	76.4428	112.7132	182.7613	84.3244	32.0845	46.5388	146.6478	90.4623	176.0613	119.9988	193.9193	74.8166	180.8452	67.1686	7.8347	116.5597	127.4912	55.1079	154.4041	127.3639	117.6841	0.0000	59.1389	77.7496	63.6071	38.6247	109.7780	28.4152	145.9438	82.5634	70.6172	81.4953	40.8720	101.8202	95.1180	61.3127	166.3040	155.4600	24.6802	37.3188	143.2725	160.3606	51.2495	30.4286	99.4681	115.0152	141.2546	26.5629	108.5479	155.9068	148.6205	9.7180	146.2602	33.1068	58.2879	130.2437	59.6779	49.2754	180.8805	113.3740	90.8012	166.4961	80.6157	46.1612	130.2875	74.8303	167.0270	45.6658	78.3547	160.7272	79.7501	122.5171	134.1706
73.3433	74.3791	52.4435	47.1044	106.5000	132.7613	97.6122	193.5689	43.8188	27.1611	20.2990	146.8374	50.7315	131.2677	151.7323	199.4238	17.5983	132.3892	24.3052	53.1803	148.4471	102.6515	62.7109	164.0189	76.0744	63.5931	59.1389	0.0000	42.3871	19.7188	27.8087	55.1553	79.8421	171.8769	128.5611	128.5308	138.5219	36.6999	135.9684	98.3609	77.0689	125.6404	135.4081	36.6804	94.2616	139.4396	138.2918	37.4701	76.3548	146.1107	126.7370	98.7842	50.7226	112.5855	177.1907	157.7181	60.3599	98.3414	43.4170	110.8523	91.1197	118.2890	11.4998	132.5858	70.8230	148.4667	119.6338	94.9096	105.2351	101.7348	74.8409	128.8300	104.8031	42.9145	150.2673	117.0675	65.8808	86.1388
114.6685	85.7799	93.7507	47.3045	147.5355	153.7163	139.7776	235.3530	83.7035	52.2509	59.7123	189.1735	90.1310	161.7955	188.4139	241.6627	34.0858	159.5617	18.0821	69.9527	185.0226	143.3696	102.1571	205.7696	104.4054	89.8153	77.7496	42.3871	0.0000	22.7914	64.1506	81.9768	85.2536	210.6184	158.3703	146.7799	158.3030	74.7183	171.4988	140.0826	115.7560	159.3199	176.3794	65.3305	114.8550	181.8265	178.8053	78.3596	104.2891	175.7591	167.8316	132.7431	55.1550	154.4426	217.1340	199.4823	83.7267	128.1179	78.3962	135.8603	127.4721	134.9887	40.0779	159.9123	106.8825	166.8863	149.0020	134.7959	120.3349	141.5806	116.3426	163.8014	118.9728	0.6282	192.3462	150.8927	86.7446	116.8110
92.0420	75.4640	71.1017	40.5880	125.0207	139.8844	117.3174	212.6467	62.4479	33.6163	37.2790	166.3919	69.1562	145.8062	167.6033	218.8716	17.4507	145.3213	4.9043	56.3056	164.2494	121.8454	80.0610	183.0683	89.0181	75.1783	63.6071	19.7188	22.7914	0.0000	42.5548	66.8287	78.0362	188.9957	140.4427	134.1998	145.0777	52.8510	151.1310	117.3730	93.9694	141.6579	154.7307	46.3258	100.7430	159.1053	157.4350	55.7671	86.6751	157.9907	145.3116	114.8005	46.8039	131.7062	195.0477	176.7765	67.6381	112.2878	57.5537	119.9511	108.2623	123.0412	18.3433	145.5933	87.6870	154.3943	133.5453	112.6431	108.9756	120.5514	93.6731	145.4703	108.0545	23.3425	169.9600	131.1715	74.6879	100.4128
52.2324	56.2934	32.2531	44.5542	84.1869	106.8539	85.2674	172.6293	46.1927	17.0343	8.8013	129.0206	52.6623	138.4003	125.1052	180.3699	45.4024	142.5383	47.4089	35.4437	121.7647	95.8614	38.1738	143.0974	88.7400	79.3273	38.6247	27.8087	64.1506	42.5548	0.0000	71.6041	64.9075	146.5467	100.7901	103.6784	112.9272	10.6944	108.8477	77.9289	51.6072	129.6046	126.6900	14.0873	69.4291	123.0995	130.7147	17.7973	49.3182	118.3284	104.4136	103.8447	43.4801	92.4231	153.0157	136.8692	36.4480	107.8982	15.6218	84.0222	93.5280	94.3365	24.2599	142.5969	75.5722	123.2059	128.3843	70.7758	82.5109	97.1736	54.2116	131.0653	82.5655	64.7602	137.0611	89.4664	84.8363	95.7377
85.7398	126.7684	71.8035	102.2313	114.1722	175.7859	84.0559	188.9190	34.4111	80.0643	63.2815	137.5541	33.9002	79.8232	170.3285	189.3400	49.7061	78.4979	68.6864	105.3118	167.5527	76.6495	86.3406	161.2560	22.4536	8.4655	109.7780	55.1553	81.9768	66.8287	71.6041	0.0000	133.7185	183.1759	161.9240	173.9821	182.2540	73.5685	158.5412	102.6637	99.4868	78.1290	107.8527	85.1521	140.1810	127.4658	108.2387	65.8865	117.6415	178.4610	131.5825	52.4074	105.7450	113.5982	183.7301	155.2603	108.0035	46.1418	83.0282	151.4900	50.5625	165.3758	66.6270	78.7767	32.6090	192.8595	67.1264	109.7774	154.0351	71.6277	85.6944	83.4296	154.1512	82.1819	130.1855	144.8903	14.5392	35.0221
100.1568	11.9817	87.7974	38.3622	122.1502	74.6329	140.9086	205.4760	111.1002	53.6550	71.7777	172.5306	117.5239	203.2778	136.7497	217.8853	92.7514	207.3321	80.2368	29.4833	133.4099	155.9060	82.9245	178.0117	152.7123	141.9310	28.4152	79.8421	85.2536	78.0362	64.9075	133.7185	0.0000	164.2729	92.9356	65.4086	77.6374	68.7725	118.3909	121.7454	87.4980	194.0607	183.6682	50.9143	41.5726	169.8998	188.6486	79.1860	50.7053	107.8288	139.1967	168.6305	31.2852	134.6097	175.7783	172.4948	36.3497	172.6755	61.4451	65.0729	157.9549	53.0852	68.6190	207.4066	140.4547	84.5906	193.2723	105.7770	38.3784	158.6698	102.5643	195.0357	36.3009	85.7688	188.0572	96.3802	145.4749	160.4594
100.6656	153.2850	120.4108	178.0381	69.1296	113.7158	105.5783	55.1500	150.6004	159.3612	152.0232	69.2976	149.4467	190.7259	28.6036	74.0092	188.0829	204.7623	193.8810	152.3450	31.5939	124.4199	109.1824	45.9939	182.6832	185.6119	145.9438	171.8769	210.6184	188.9957	146.5467	183.1759	164.2729	0.0000	77.6303	124.2245	118.0089	136.1448	46.3133	80.5144	95.0328	173.9331	119.1656	146.7426	124.6166	78.8815	125.4894	134.5471	115.8059	72.3465	52.3280	166.8016	171.7080	70.8447	15.9260	46.8405	136.5084	183.0197	132.3727	104.1596	155.1234	130.4537	170.7909	204.2724	157.6135	123.8590	191.1169	77.2429	137.1839	132.5529	99.8859	167.8716	139.9140	211.2337	97.6929	67.9325	196.7117	177.4204
81.0316	83.6621	90.2004	116.5330	72.9220	37.4244	114.1046	128.2157	127.9437	106.9470	108.9488	114.3265	130.5438	201.5161	49.0785	144.7213	146.1571	211.8498	144.8471	90.2277	46.3285	135.6468	75.6854	106.6835	171.0037	167.5455	82.5634	128.5611	158.3703	140.4427	100.7901	161.9240	92.9356	77.6303	0.0000	47.0323	42.9417	93.2324	33.1781	81.8411	63.7615	186.8290	149.0237	94.1178	51.3724	117.6521	155.5498	97.6719	54.0848	17.5755	77.4662	169.1788	108.9177	85.8679	91.9394	103.0505	75.0250	181.2971	85.2819	28.2500	156.1798	52.8557	122.7908	211.5975	148.4035	51.3408	196.6712	63.0859	60.7731	142.3710	82.2471	183.7526	63.5466	158.9945	139.6663	21.9896	176.4472	171.5805
107.3901	61.3543	107.7396	99.8989	111.3996	11.5541	146.9705	175.2090	143.1210	102.1639	112.4638	157.8334	147.6629	228.0926	95.8580	191.4859	144.9925	236.1178	137.6469	77.9304	93.2405	167.1522	95.2195	152.9175	188.0101	181.0673	70.6172	128.5308	146.7799	134.1998	103.6784	173.9821	65.4086	124.2245	47.0323	0.0000	12.2906	100.4137	80.1421	117.4291	89.0912	215.1821	186.3180	91.9753	34.3315	159.5767	192.5168	108.6157	56.7272	54.0167	120.6390	193.7844	91.8678	125.1738	138.8450	148.9041	68.1780	202.9389	90.9596	28.1066	181.2121	12.3275	119.4901	235.9949	168.9085	20.2031	221.0026	97.6398	27.1118	172.6482	109.3395	213.5989	29.1099	147.3556	181.0773	64.2093	187.8357	191.7797
111.8074	73.2235	114.2417	111.6415	112.2262	6.9505	150.0080	170.4426	150.5564	112.5715	121.7280	156.6263	154.7312	233.3392	90.1599	187.3578	155.2693	241.9882	148.6601	88.9867	87.8288	170.7367	101.0343	149.6039	195.3641	189.0954	81.4953	138.5219	158.3030	145.0777	112.9272	182.2540	77.6374	118.0089	42.9417	12.2906	0.0000	108.8577	75.8339	119.3287	93.3821	219.8992	188.0428	101.8480	44.4395	159.2240	194.3862	116.4870	64.6163	46.1352	119.4996	199.4101	103.5893	125.8070	133.1063	145.9900	78.2585	209.3280	99.4957	31.9907	186.6669	24.5953	129.8726	241.8324	175.3841	10.8323	226.8075	99.5913	39.2822	176.6280	113.5994	217.8835	41.3571	158.8855	181.0355	62.7446	196.3058	198.4518
41.7528	58.9112	22.4183	53.3930	73.5041	102.5016	76.4413	161.9722	44.2874	26.8088	16.4021	118.7379	50.0127	135.3047	115.1816	169.8630	54.0222	140.5653	57.7370	39.6746	111.8720	88.5300	27.4966	132.4522	88.6309	80.7384	40.8720	36.6999	74.7183	52.8510	10.6944	73.5685	68.7725	136.1448	93.2324	100.4137	108.8577	0.0000	99.2725	67.4150	41.1238	125.4379	118.4640	19.2408	66.7164	113.0836	122.7812	10.4138	44.2990	110.6448	93.7232	100.4520	51.2115	81.9020	142.4162	126.2318	36.1515	106.1446	9.4740	78.7155	89.3719	91.9742	34.6952	140.5687	72.7936	119.3915	126.0186	60.1200	81.3194	90.5354	43.7952	126.2687	81.7328	75.3242	127.6417	80.5363	87.4793	94.2409
72.8770	107.6748	88.6345	134.9733	51.9928	70.5603	95.5713	95.0669	124.2249	119.3052	115.6697	84.3799	125.0616	185.0952	18.3788	111.5759	153.1617	197.0647	155.8909	108.7095	15.0190	117.1882	74.9816	73.9588	163.3547	162.7729	101.8202	135.9684	171.4988	151.1310	108.8477	158.5412	118.3909	46.3133	33.1781	80.1421	75.8339	99.2725	0.0000	63.3806	60.4929	169.3041	124.5420	106.2770	78.3334	89.3516	131.2043	100.3305	71.3929	35.0063	49.3209	155.3948	128.1413	62.3234	59.5401	70.7175	92.7482	169.5253	93.5800	58.0800	142.5678	85.1056	132.8052	196.7138	139.0016	83.4854	182.2232	49.4174	91.0205	124.7345	73.1443	165.0377	93.7333	172.1253	111.3907	22.1957	172.9160	161.3468
25.7019	109.8210	46.3874	119.0797	12.0569	112.5102	32.6423	95.2741	70.5371	94.0627	80.5719	51.9862	68.9919	121.8673	70.4764	102.4492	112.6559	133.6844	122.2182	98.4654	68.2423	54.3791	41.5051	65.6958	103.1522	105.2024	95.1180	98.3609	140.0826	117.3730	77.9289	102.6637	121.7454	80.5144	81.8411	117.4291	119.3287	67.4150	63.3806	0.0000	34.2910	106.3336	68.8922	83.9652	95.7114	48.1898	75.1341	61.8249	73.4758	93.4299	29.5417	92.1582	115.1561	14.4946	81.8525	59.4036	85.8908	106.7830	68.0744	89.3272	79.4373	115.7399	100.4476	133.3349	78.1539	129.5700	118.8536	19.8000	113.1898	61.6352	23.8201	102.5659	115.1233	140.6539	66.8816	59.9360	116.2315	99.4256
18.4253	75.5566	28.2511	87.8536	35.6760	86.4337	58.6586	123.4399	65.1152	65.4881	57.0404	85.3506	67.0969	140.1211	75.0357	133.2989	93.7281	149.3843	98.8585	65.3005	71.8394	78.1571	14.6054	94.3616	107.3077	104.5334	61.3127	77.0689	115.7560	93.9694	51.6072	99.4868	87.4980	95.0328	63.7615	89.0912	93.3821	41.1238	60.4929	34.2910	0.0000	126.5171	100.0825	53.6889	63.1729	82.4031	105.8307	40.2412	39.6567	79.4753	54.8640	106.6449	83.0425	47.2683	101.5012	88.3550	51.8912	117.8955	38.2374	61.5960	93.7480	85.3057	75.8044	149.1834	84.7004	104.1280	134.1675	20.0813	80.7565	83.5582	20.2677	124.6096	82.4560	116.3663	101.0100	45.4230	114.0083	107.9124
108.0919	184.3367	109.5949	170.5293	117.3280	212.9508	73.7792	156.1586	84.1521	143.9742	124.0491	108.4614	77.2876	16.8857	173.4638	148.8214	125.7576	32.0243	144.4286	164.6614	171.8871	52.1163	120.3696	136.0047	56.6581	71.3269	166.3040	125.6404	159.3199	141.6579	129.6046	78.1290	194.0607	173.9331	186.8290	215.1821	219.8992	125.4379	169.3041	106.3336	126.5171	0.0000	59.3050	143.3061	185.8332	97.3904	54.9318	115.0553	160.8099	199.5615	124.8216	26.8881	171.7393	107.9472	167.6688	131.7495	160.7770	34.2681	133.5618	188.0634	36.1091	210.0715	135.9224	31.4128	55.0531	230.6407	22.5341	123.8533	202.6720	44.7051	106.3251	8.3884	203.7192	159.5804	86.4187	165.3937	78.7077	43.2827
84.1428	172.2400	96.7875	171.2440	76.1802	181.2702	42.7597	96.8543	92.7055	143.5880	124.8625	50.7317	86.4976	75.8957	124.1911	90.1550	143.0110	91.3233	158.8257	156.6709	123.3547	33.0535	100.9804	77.9141	93.9437	104.8500	155.4600	135.4081	176.3794	154.7307	126.6900	107.8527	183.6682	119.1656	149.0237	186.3180	188.0428	118.4640	124.5420	68.8922	100.0825	59.3050	0.0000	137.6513	163.2120	40.3467	6.6695	109.0101	139.5211	158.2562	75.7145	64.5813	169.6548	63.2356	110.8847	74.3103	147.4105	81.4107	123.4715	158.2136	59.0376	184.3360	142.5218	90.7034	75.3194	198.1456	80.3913	88.6898	180.7972	36.3453	81.7679	51.7759	182.5325	176.8156	27.2222	127.0857	115.6898	82.4888
58.8217	42.2179	41.1528	35.1715	88.5369	96.0849	95.4769	176.9424	60.2229	13.0848	21.8764	135.8430	66.6100	152.3638	123.4473	185.9738	53.6901	156.6195	50.7707	21.4311	120.0315	107.7456	42.5384	147.6638	102.7382	93.0196	24.6802	36.6804	65.3305	46.3258	14.0873	85.1521	50.9143	146.7426	94.1178	91.9753	101.8480	19.2408	106.2770	83.9652	53.6889	143.3061	137.6513	0.0000	57.6593	130.8352	142.0098	29.2800	40.5163	111.6693	108.3287	117.7304	32.1715	98.2889	154.5444	141.5540	23.8396	121.9824	15.9056	74.5239	107.2005	82.0254	28.9265	156.6758	89.5429	111.8380	142.4385	73.7102	69.5514	109.6104	61.0521	144.5439	69.4123	65.9584	146.1864	85.5642	98.0548	109.8249
80.2893	32.9327	76.5787	69.2563	92.6606	39.1508	121.7050	169.3255	110.2325	68.1355	78.1983	142.4880	115.1992	197.8033	96.5081	183.3434	110.8728	204.8567	104.4232	44.9924	93.2628	140.3805	65.6662	143.4703	155.0284	147.4484	37.3188	94.2616	114.8550	100.7430	69.4291	140.1810	41.5726	124.6166	51.3724	34.3315	44.4395	66.7164	78.3334	95.7114	63.1729	185.8332	163.2120	57.6593	0.0000	141.9816	168.9994	75.4620	25.0261	66.4590	106.5581	163.0860	61.2372	106.2539	137.0952	138.4703	33.9065	171.0841	57.2443	23.6124	150.8710	25.2791	85.4435	204.7815	137.1065	54.2083	189.8949	76.8873	17.5860	145.0220	82.5064	185.0170	19.4123	115.4523	162.2137	56.9616	153.8769	159.5975
72.0652	157.9594	90.8485	165.9855	49.3304	152.8071	44.0706	62.4493	102.5789	139.8687	124.1127	11.2400	98.2156	114.2665	86.0974	62.0628	151.1526	129.1389	163.7448	146.4217	85.7189	53.8939	88.9978	38.7029	119.4052	126.9200	143.2725	139.4396	181.8265	159.1053	123.0995	127.4658	169.8998	78.8815	117.6521	159.5767	159.2240	113.0836	89.3516	48.1898	82.4031	97.3904	40.3467	130.8352	141.9816	0.0000	46.6116	105.7875	121.0268	124.1746	40.3571	95.8214	162.5709	35.7879	70.7072	34.3861	134.0778	112.9854	115.1217	132.0618	86.3870	159.8210	143.6927	128.5770	96.1560	168.5925	116.7073	65.2564	159.1332	61.4079	69.7978	90.5899	161.2651	182.3520	22.0922	96.5340	138.4092	110.5884
89.5460	177.3112	101.3865	175.2358	82.6677	187.5966	47.9001	101.5862	95.1211	147.5157	128.5215	56.7516	88.7007	71.2370	130.8289	93.9186	145.1903	86.8285	161.4224	161.3441	130.0073	35.6486	106.1942	83.6933	93.1921	104.7461	160.3606	138.2918	178.8053	157.4350	130.7147	108.2387	188.6486	125.4894	155.5498	192.5168	194.3862	122.7812	131.2043	75.1341	105.8307	54.9318	6.6695	142.0098	168.9994	46.6116	0.0000	113.1420	145.1329	164.8835	82.3823	62.7441	173.8879	69.8137	116.9247	80.2976	152.4713	79.1840	128.1074	164.4103	58.4925	190.3632	145.7799	86.1868	75.9565	204.5282	76.5772	94.9323	186.5847	37.5586	87.1915	47.0940	188.2803	179.2254	31.7084	133.5979	115.3310	81.2303
36.3104	69.2817	15.4383	62.2837	69.2617	109.9600	67.4704	157.0434	34.8023	34.8281	18.7484	112.0968	40.1347	125.0716	115.2736	163.9559	53.6028	130.6108	60.6514	50.0479	112.0662	78.5646	25.6559	127.4579	79.5688	72.6084	51.2495	37.4701	78.3596	55.7671	17.7973	65.8865	79.1860	134.5471	97.6719	108.6157	116.4870	10.4138	100.3305	61.8249	40.2412	115.0553	109.0101	29.2800	75.4620	105.7875	113.1420	0.0000	51.9648	114.7931	89.5483	90.1912	60.7656	76.2605	139.7226	121.1799	46.1659	96.3155	18.9004	85.6048	79.0066	100.7318	38.6268	130.5976	62.7352	127.1525	115.9669	57.4596	90.6762	80.3305	38.0244	115.8553	91.2299	78.9396	119.3373	83.0639	80.1340	84.5374
55.8325	38.8912	51.6899	63.9210	72.2941	58.2089	97.5017	154.8516	86.3938	53.0708	58.0186	122.7698	91.0002	172.8594	89.5912	167.1954	93.7711	180.1327	90.9728	37.4722	86.1550	115.6708	40.6897	127.3089	131.2829	124.5414	30.4286	76.3548	104.2891	86.6751	49.3182	117.6415	50.7053	115.8059	54.0848	56.7272	64.6163	44.2990	71.3929	73.4758	39.6567	160.8099	139.5211	40.5163	25.0261	121.0268	145.1329	51.9648	0.0000	71.5221	88.6164	138.1961	56.8446	85.3136	126.2713	121.8136	21.5910	146.5701	35.0330	34.7121	125.9134	49.6614	69.4327	180.0429	112.5436	75.2253	165.1183	55.9658	42.1719	120.1397	58.1176	160.0052	43.5433	104.9137	140.3573	49.3300	131.6952	135.2460
95.9485	99.2841	106.6575	133.3480	83.2906	42.7412	126.0620	125.9991	144.2874	124.4710	126.4455	119.3860	146.5578	214.7158	45.4490	143.6877	163.7082	225.6618	162.3791	107.2035	43.6585	147.7865	92.1207	107.7551	186.7178	183.8495	99.4681	146.1107	175.7591	157.9907	118.3284	178.4610	107.8288	72.3465	17.5755	54.0167	46.1352	110.6448	35.0063	93.4299	79.4753	199.5615	158.2562	111.6693	66.4590	124.1746	164.8835	114.7931	71.5221	0.0000	83.9265	183.1960	125.6239	95.2056	87.7860	105.0232	92.2345	195.9761	102.7973	42.8469	170.1987	62.6798	140.3628	225.3750	163.6021	51.5140	210.5585	75.9466	73.1487	154.8807	96.9355	195.9876	75.8909	176.3821	146.2491	34.7492	192.9989	186.6556
53.3952	127.2687	74.3082	142.7168	20.2962	113.2421	53.6772	68.6166	99.9977	119.6041	108.1200	37.2052	98.1738	141.3061	49.0363	78.9164	141.6147	154.6084	150.1987	119.6985	47.8767	73.6260	66.4037	39.5288	130.3686	133.6329	115.0152	126.7370	167.8316	145.3116	104.4136	131.5825	139.1967	52.3280	77.4662	120.6390	119.4996	93.7232	49.3209	29.5417	54.8640	124.8216	75.7145	108.3287	106.5581	40.3571	82.3823	89.5483	88.6164	83.9265	0.0000	115.2582	137.8279	18.5211	52.3627	33.6232	105.3436	131.1397	92.5962	93.7860	103.2566	121.9723	127.8475	154.1674	105.3056	128.6174	140.4565	34.8054	122.9856	81.6824	51.9765	119.5783	125.3280	168.4188	62.4473	56.7791	144.8455	125.1849
88.4866	159.2878	86.5145	143.9567	103.9708	192.5010	61.6245	157.7741	57.9020	117.6942	97.8805	107.0156	51.2081	34.9072	162.0795	153.6515	99.0297	42.7490	117.6244	139.1553	160.0747	42.8060	98.5756	133.9803	32.5565	46.4253	141.2546	98.7842	132.7431	114.8005	103.8447	52.4074	168.6305	166.8016	169.1788	193.7844	199.4101	100.4520	155.3948	92.1582	106.6449	26.8881	64.5813	117.7304	163.0860	95.8214	62.7441	90.1912	138.1961	183.1960	115.2582	0.0000	145.4081	97.1060	162.8950	128.8775	136.2951	17.2185	108.9792	167.4205	13.0046	187.8160	109.1485	42.5397	28.4962	210.2298	27.5345	107.4065	179.4865	34.7837	87.0640	31.1460	180.3503	133.0198	90.8176	148.5115	55.3496	19.3200
90.5134	30.6435	73.3226	8.0642	118.6373	99.3496	127.6158	206.2455	87.5911	27.7761	47.7634	167.1422	94.4614	179.3068	146.2251	216.3138	62.0321	181.8304	48.9544	19.4380	142.7802	139.2676	73.6941	177.3550	126.0185	114.1393	26.5629	50.7226	55.1550	46.8039	43.4801	105.7450	31.2852	171.7080	108.9177	91.8678	103.5893	51.2115	128.1413	115.1561	83.0425	171.7393	169.6548	32.1715	61.2372	162.5709	173.8879	60.7656	56.8446	125.6239	137.8279	145.4081	0.0000	129.2608	181.0925	171.3828	35.3966	147.3407	47.5003	83.7193	135.8963	79.9441	39.2269	181.9736	116.9120	111.8875	168.4162	103.0315	65.2234	140.6512	92.8034	173.7239	63.8220	55.7110	178.2953	106.1564	116.5470	135.0459
40.1962	122.6390	60.8232	133.3503	13.8225	119.1747	35.4886	80.9835	82.7903	108.5241	95.0086	38.1042	80.5029	124.1859	65.5962	87.9613	126.5582	137.0771	136.5375	112.2337	63.9448	56.1385	55.7630	51.4477	111.8772	115.3928	108.5479	112.5855	154.4426	131.7062	92.4231	113.5982	134.6097	70.8447	85.8679	125.1738	125.8070	81.9020	62.3234	14.4946	47.2683	107.9472	63.2356	98.2889	106.2539	35.7879	69.8137	76.2605	85.3136	95.2056	18.5211	97.1060	129.2608	0.0000	70.1368	45.1441	99.1587	112.7981	82.3853	97.3145	84.9479	124.6895	114.8873	136.6612	86.8245	135.6331	122.7090	29.4686	123.4785	64.0676	38.2935	103.1860	125.5740	155.0103	56.2253	64.0014	126.6699	106.6860
104.4430	164.4912	124.9586	187.0440	71.5434	128.5777	102.9378	39.2387	152.3580	166.8042	157.8024	60.1756	150.4819	184.5500	43.0191	58.2034	192.7724	199.0891	199.9515	161.9177	45.6169	120.1115	115.0063	34.0860	181.2852	185.4580	155.9068	177.1907	217.1340	195.0477	153.0157	183.7301	175.7783	15.9260	91.9394	138.8450	133.1063	142.4162	59.5401	81.8525	101.5012	167.6688	110.8847	154.5444	137.0952	70.7072	116.9247	139.7226	126.2713	87.7860	52.3627	162.8950	181.0925	70.1368	0.0000	36.6453	146.3070	179.5659	139.5751	117.6028	151.8298	144.5198	177.0823	198.5593	156.3828	139.2751	186.0008	82.4061	150.4718	128.1981	103.3271	161.1275	153.1667	217.7392	87.4838	80.1340	196.7739	174.9454
84.9062	160.6066	105.7534	176.1544	53.0193	140.2859	71.6593	35.8709	126.5549	152.5070	139.9142	23.5793	123.4657	148.6307	61.4333	45.3982	171.6362	163.4305	181.6206	153.3182	62.2134	86.2119	99.2674	6.3042	150.0141	155.8820	148.6205	157.7181	199.4823	176.7765	136.8692	155.2603	172.4948	46.8405	103.0505	148.9041	145.9900	126.2318	70.7175	59.4036	88.3550	131.7495	74.3103	141.5540	138.4703	34.3861	80.2976	121.1799	121.8136	105.0232	33.6232	128.8775	171.3828	45.1441	36.6453	0.0000	138.9402	145.8725	125.7288	123.4914	118.5831	151.7595	159.7752	162.8770	125.6973	154.0840	150.7749	68.3581	154.2784	94.1174	83.1572	124.9755	156.7417	200.0546	51.0956	84.9293	167.3737	142.3866
