{
  "name": "C14R2",
  "n_customers": 14,
  "n_stations": 2,
  "total_nodes": 17,
  "parameters": {
    "vehicle_capacity_tons": 3.0,
    "battery_capacity_kwh": 110.0,
    "curb_weight_kg": 2500,
    "alpha": 0.0981,
    "beta": 2.11,
    "eff_motor": 1.25,
    "eff_battery_discharge": 1.11,
    "eff_recharge": 1.25,
    "emission_rate_kg_per_kwh": 0.69,
    "max_vehicles": 3,
    "grid_size_miles": 200,
    "miles_to_meters": 1609.34
  },
  "depot": {
    "id": 0,
    "x": 100.0,
    "y": 100.0
  },
  "customers": [
    {
      "id": 1,
      "x": 81.69,
      "y": 7.32,
      "demand_tons": 0.051
    },
    {
      "id": 2,
      "x": 189.25,
      "y": 72.77,
      "demand_tons": 0.0552
    },
    {
      "id": 3,
      "x": 47.47,
      "y": 155.16,
      "demand_tons": 0.1289
    },
    {
      "id": 4,
      "x": 33.12,
      "y": 72.35,
      "demand_tons": 0.1411
    },
    {
      "id": 5,
      "x": 67.88,
      "y": 198.5,
      "demand_tons": 0.0952
    },
    {
      "id": 6,
      "x": 46.84,
      "y": 160.02,
      "demand_tons": 0.0975
    },
    {
      "id": 7,
      "x": 99.45,
      "y": 110.17,
      "demand_tons": 0.1303
    },
    {
      "id": 8,
      "x": 167.09,
      "y": 72.46,
      "demand_tons": 0.147
    },
    {
      "id": 9,
      "x": 35.62,
      "y": 174.75,
      "demand_tons": 0.075
    },
    {
      "id": 10,
      "x": 157.75,
      "y": 115.35,
      "demand_tons": 0.0677
    },
    {
      "id": 11,
      "x": 11.67,
      "y": 118.93,
      "demand_tons": 0.0741
    },
    {
      "id": 12,
      "x": 110.04,
      "y": 81.93,
      "demand_tons": 0.126
    },
    {
      "id": 13,
      "x": 99.95,
      "y": 32.2,
      "demand_tons": 0.1283
    },
    {
      "id": 14,
      "x": 91.31,
      "y": 197.3,
      "demand_tons": 0.1451
    }
  ],
  "stations": [
    {
      "id": 15,
      "x": 135.09,
      "y": 17.77
    },
    {
      "id": 16,
      "x": 65.58,
      "y": 18.53
    }
  ],
  "distance_matrix_miles": [
    [
      0.0,
      94.4714,
      93.3115,
      76.171,
      72.3703,
      103.6048,
      80.1772,
      10.1849,
      72.5225,
      98.6527,
      59.7552,
      90.3357,
      20.6719,
      67.8,
      97.6873,
      89.404,
      88.4426
    ],
    [
      94.4714,
      0.0,
      125.9081,
      151.7487,
      81.1662,
      191.6781,
      156.6263,
      104.3721,
      107.4075,
      173.6527,
      132.1197,
      131.7558,
      79.8146,
      30.8617,
      190.2234,
      54.4129,
      19.6264
    ],
    [
      93.3115,
      125.9081,
      0.0,
      163.9807,
      156.1306,
      174.7533,
      167.0125,
      97.2769,
      22.1622,
      184.3966,
      52.9651,
      183.4813,
      79.7379,
      98.0837,
      158.4297,
      77.1901,
      135.0416
    ],
    [
      76.171,
      151.7487,
      163.9807,
      0.0,
      84.0441,
      47.9054,
      4.9007,
      68.7461,
      145.4243,
      22.8952,
      117.2455,
      50.9338,
      96.3205,
      133.6911,
      60.8089,
      162.9518,
      137.825
    ],
    [
      72.3703,
      81.1662,
      156.1306,
      84.0441,
      0.0,
      130.8514,
      88.7371,
      76.3546,
      133.97,
      102.4305,
      131.8394,
      51.2816,
      77.5143,
      77.9633,
      137.8353,
      115.6584,
      62.851
    ],
    [
      103.6048,
      191.6781,
      174.7533,
      47.9054,
      130.8514,
      0.0,
      43.8565,
      93.8022,
      160.4017,
      40.0596,
      122.4359,
      97.4215,
      123.9598,
      169.364,
      23.4607,
      192.8225,
      179.9847
    ],
    [
      80.1772,
      156.6263,
      167.0125,
      4.9007,
      88.7371,
      43.8565,
      0.0,
      72.4764,
      148.7509,
      18.5165,
      119.5677,
      54.0862,
      100.4604,
      138.4147,
      58.0291,
      167.4011,
      142.7256
    ],
    [
      10.1849,
      104.3721,
      97.2769,
      68.7461,
      76.3546,
      93.8022,
      72.4764,
      0.0,
      77.4417,
      90.8011,
      58.5297,
      88.216,
      30.1603,
      77.9716,
      87.5094,
      99.0352,
      97.6989
    ],
    [
      72.5225,
      107.4075,
      22.1622,
      145.4243,
      133.97,
      160.4017,
      148.7509,
      77.4417,
      0.0,
      166.5761,
      43.8952,
      162.2185,
      57.8306,
      78.2857,
      146.0398,
      63.364,
      114.9466
    ],
    [
      98.6527,
      173.6527,
      184.3966,
      22.8952,
      102.4305,
      40.0596,
      18.5165,
      90.8011,
      166.5761,
      0.0,
      135.809,
      60.741,
      118.9701,
      156.3933,
      60.0823,
      185.8413,
      159.0669
    ],
    [
      59.7552,
      132.1197,
      52.9651,
      117.2455,
      131.8394,
      122.4359,
      119.5677,
      58.5297,
      43.8952,
      135.809,
      0.0,
      146.1239,
      58.2507,
      101.2658,
      105.4992,
      100.1765,
      133.6766
    ],
    [
      90.3357,
      131.7558,
      183.4813,
      50.9338,
      51.2816,
      97.4215,
      54.0862,
      88.216,
      162.2185,
      60.741,
      146.1239,
      0.0,
      105.0983,
      123.7556,
      111.7336,
      159.5802,
      113.9581
    ],
    [
      20.6719,
      79.8146,
      79.7379,
      96.3205,
      77.5143,
      123.9598,
      100.4604,
      30.1603,
      57.8306,
      118.9701,
      58.2507,
      105.0983,
      0.0,
      50.7433,
      116.8805,
      68.8768,
      77.4355
    ],
    [
      67.8,
      30.8617,
      98.0837,
      133.6911,
      77.9633,
      169.364,
      138.4147,
      77.9716,
      78.2857,
      156.3933,
      101.2658,
      123.7556,
      50.7433,
      0.0,
      165.3259,
      37.9874,
      36.9887
    ],
    [
      97.6873,
      190.2234,
      158.4297,
      60.8089,
      137.8353,
      23.4607,
      58.0291,
      87.5094,
      146.0398,
      60.0823,
      105.4992,
      111.7336,
      116.8805,
      165.3259,
      0.0,
      184.791,
      180.6121
    ],
    [
      89.404,
      54.4129,
      77.1901,
      162.9518,
      115.6584,
      192.8225,
      167.4011,
      99.0352,
      63.364,
      185.8413,
      100.1765,
      159.5802,
      68.8768,
      37.9874,
      184.791,
      0.0,
      69.5142
    ],
    [
      88.4426,
      19.6264,
      135.0416,
      137.825,
      62.851,
      179.9847,
      142.7256,
      97.6989,
      114.9466,
      159.0669,
      133.6766,
      113.9581,
      77.4355,
      36.9887,
      180.6121,
      69.5142,
      0.0
    ]
  ],
  "speed_matrix_kmh": [
    [
      0,
      60,
      80,
      60,
      30,
      60,
      30,
      60,
      80,
      40,
      80,
      60,
      80,
      80,
      40,
      80,
      30
    ],
    [
      40,
      0,
      80,
      30,
      60,
      40,
      80,
      40,
      30,
      40,
      60,
      30,
      80,
      40,
      60,
      80,
      80
    ],
    [
      60,
      60,
      0,
      40,
      30,
      30,
      80,
      60,
      40,
      30,
      30,
      60,
      40,
      60,
      30,
      60,
      80
    ],
    [
      60,
      60,
      80,
      0,
      80,
      80,
      80,
      40,
      60,
      30,
      60,
      40,
      80,
      30,
      60,
      80,
      60
    ],
    [
      80,
      80,
      30,
      80,
      0,
      60,
      40,
      80,
      30,
      60,
      30,
      30,
      40,
      60,
      30,
      30,
      60
    ],
    [
      40,
      40,
      80,
      80,
      40,
      0,
      40,
      30,
      80,
      60,
      60,
      60,
      30,
      80,
      30,
      60,
      30
    ],
    [
      30,
      40,
      80,
      30,
      30,
      60,
      0,
      80,
      30,
      80,
      80,
      60,
      40,
      40,
      40,
      60,
      80
    ],
    [
      60,
      80,
      80,
      60,
      60,
      80,
      60,
      0,
      40,
      60,
      80,
      40,
      40,
      40,
      40,
      40,
      40
    ],
    [
      60,
      30,
      80,
      40,
      80,
      40,
      40,
      80,
      0,
      40,
      40,
      30,
      40,
      80,
      60,
      30,
      30
    ],
    [
      30,
      60,
      80,
      60,
      40,
      80,
      30,
      30,
      60,
      0,
      30,
      60,
      60,
      30,
      40,
      60,
      40
    ],
    [
      40,
      30,
      30,
      40,
      30,
      60,
      30,
      30,
      60,
      60,
      0,
      80,
      60,
      80,
      40,
      40,
      80
    ],
    [
      60,
      30,
      60,
      30,
      30,
      60,
      30,
      40,
      30,
      40,
      60,
      0,
      30,
      80,
      60,
      80,
      30
    ],
    [
      30,
      40,
      30,
      60,
      30,
      30,
      30,
      40,
      60,
      30,
      60,
      40,
      0,
      40,
      40,
      30,
      30
    ],
    [
      40,
      30,
      30,
      40,
      40,
      80,
      60,
      30,
      40,
      60,
      80,
      80,
      80,
      0,
      40,
      80,
      30
    ],
    [
      30,
      80,
      60,
      80,
      40,
      30,
      40,
      30,
      60,
      80,
      60,
      40,
      40,
      30,
      0,
      80,
      60
    ],
    [
      30,
      80,
      40,
      30,
      80,
      30,
      60,
      30,
      80,
      30,
      80,
      30,
      80,
      30,
      30,
      0,
      30
    ],
    [
      80,
      60,
      40,
      40,
      60,
      60,
      60,
      40,
      80,
      80,
      30,
      40,
      80,
      80,
      60,
      40,
      0
    ]
  ]
}