{
  "name": "C15R2",
  "n_customers": 15,
  "n_stations": 2,
  "total_nodes": 18,
  "parameters": {
    "vehicle_capacity_tons": 3.0,
    "battery_capacity_kwh": 110.0,
    "curb_weight_kg": 2500,
    "alpha": 0.0981,
    "beta": 2.11,
    "eff_motor": 1.25,
    "eff_battery_discharge": 1.11,
    "eff_recharge": 1.25,
    "emission_rate_kg_per_kwh": 0.69,
    "max_vehicles": 3,
    "grid_size_miles": 200,
    "miles_to_meters": 1609.34
  },
  "depot": {
    "id": 0,
    "x": 100.0,
    "y": 100.0
  },
  "customers": [
    {
      "id": 1,
      "x": 12.14,
      "y": 42.56,
      "demand_tons": 0.133
    },
    {
      "id": 2,
      "x": 182.31,
      "y": 46.45,
      "demand_tons": 0.1092
    },
    {
      "id": 3,
      "x": 58.5,
      "y": 102.31,
      "demand_tons": 0.0537
    },
    {
      "id": 4,
      "x": 10.72,
      "y": 31.82,
      "demand_tons": 0.0606
    },
    {
      "id": 5,
      "x": 176.73,
      "y": 56.28,
      "demand_tons": 0.1211
    },
    {
      "id": 6,
      "x": 126.03,
      "y": 35.02,
      "demand_tons": 0.0521
    },
    {
      "id": 7,
      "x": 181.21,
      "y": 145.28,
      "demand_tons": 0.1318
    },
    {
      "id": 8,
      "x": 89.81,
      "y": 113.97,
      "demand_tons": 0.122
    },
    {
      "id": 9,
      "x": 52.11,
      "y": 138.97,
      "demand_tons": 0.058
    },
    {
      "id": 10,
      "x": 117.21,
      "y": 35.79,
      "demand_tons": 0.0674
    },
    {
      "id": 11,
      "x": 138.2,
      "y": 174.9,
      "demand_tons": 0.0969
    },
    {
      "id": 12,
      "x": 141.53,
      "y": 115.21,
      "demand_tons": 0.1472
    },
    {
      "id": 13,
      "x": 114.32,
      "y": 97.15,
      "demand_tons": 0.0886
    },
    {
      "id": 14,
      "x": 47.68,
      "y": 64.59,
      "demand_tons": 0.1321
    },
    {
      "id": 15,
      "x": 145.65,
      "y": 2.53,
      "demand_tons": 0.053
    }
  ],
  "stations": [
    {
      "id": 16,
      "x": 115.1,
      "y": 120.86
    },
    {
      "id": 17,
      "x": 83.69,
      "y": 173.29
    }
  ],
  "distance_matrix_miles": [
    [
      0.0,
      104.9702,
      98.1964,
      41.5642,
      112.3362,
      88.3116,
      69.9997,
      92.9803,
      17.2915,
      61.7423,
      66.4764,
      84.0788,
      44.2276,
      14.6009,
      63.1763,
      107.6305,
      25.7517,
      75.0829
    ],
    [
      104.9702,
      0.0,
      170.2145,
      75.6261,
      10.8335,
      165.1609,
      114.1393,
      197.8284,
      105.5084,
      104.3671,
      105.2879,
      182.7703,
      148.3907,
      115.8483,
      41.814,
      139.3819,
      129.3509,
      149.0293
    ],
    [
      98.1964,
      170.2145,
      0.0,
      135.828,
      172.2126,
      11.3033,
      57.4289,
      98.8361,
      114.5216,
      159.7247,
      65.967,
      135.8127,
      79.9434,
      84.8123,
      135.8466,
      57.2095,
      100.2698,
      160.6683
    ],
    [
      41.5642,
      75.6261,
      135.828,
      0.0,
      85.1573,
      126.8743,
      95.3323,
      130.016,
      33.4107,
      37.2127,
      88.723,
      107.8026,
      84.0261,
      56.058,
      39.2412,
      132.4808,
      59.5623,
      75.3173
    ],
    [
      112.3362,
      10.8335,
      172.2126,
      85.1573,
      0.0,
      167.8023,
      115.3544,
      204.7926,
      114.0344,
      114.8662,
      106.564,
      191.6326,
      155.1295,
      122.4784,
      49.3955,
      138.0725,
      137.1981,
      159.1803
    ],
    [
      88.3116,
      165.1609,
      11.3033,
      126.8743,
      167.8023,
      0.0,
      54.9771,
      89.1127,
      104.3227,
      149.5586,
      62.9482,
      124.7207,
      68.6424,
      74.6014,
      129.3173,
      62.0889,
      89.2683,
      149.4917
    ],
    [
      69.9997,
      114.1393,
      57.4289,
      95.3323,
      115.3544,
      54.9771,
      0.0,
      123.2968,
      86.8619,
      127.553,
      8.8535,
      140.4084,
      81.6743,
      63.2239,
      83.7443,
      37.9545,
      86.5331,
      144.6073
    ],
    [
      92.9803,
      197.8284,
      98.8361,
      130.016,
      204.7926,
      89.1127,
      123.2968,
      0.0,
      96.6141,
      129.2541,
      126.8229,
      52.2226,
      49.7866,
      82.4061,
      156.0165,
      147.1125,
      70.476,
      101.4629
    ],
    [
      17.2915,
      105.5084,
      114.5216,
      33.4107,
      114.0344,
      104.3227,
      86.8619,
      96.6141,
      0.0,
      45.2359,
      82.8425,
      77.8078,
      51.7349,
      29.7263,
      64.9101,
      124.6474,
      26.2118,
      59.6349
    ],
    [
      61.7423,
      104.3671,
      159.7247,
      37.2127,
      114.8662,
      149.5586,
      127.553,
      129.2541,
      45.2359,
      0.0,
      122.0005,
      93.2869,
      92.5228,
      74.96,
      74.5118,
      165.4255,
      65.5417,
      46.6386
    ],
    [
      66.4764,
      105.2879,
      65.967,
      88.723,
      106.564,
      62.9482,
      8.8535,
      126.8229,
      82.8425,
      122.0005,
      0.0,
      140.6847,
      83.0602,
      61.428,
      75.2586,
      43.7614,
      85.0962,
      141.5268
    ],
    [
      84.0788,
      182.7703,
      135.8127,
      107.8026,
      191.6326,
      124.7207,
      140.4084,
      52.2226,
      77.8078,
      93.2869,
      140.6847,
      0.0,
      59.7828,
      81.3346,
      142.6961,
      172.5309,
      58.7702,
      54.5338
    ],
    [
      44.2276,
      148.3907,
      79.9434,
      84.0261,
      155.1295,
      68.6424,
      81.6743,
      49.7866,
      51.7349,
      92.5228,
      83.0602,
      59.7828,
      0.0,
      32.658,
      106.6312,
      112.7553,
      27.0272,
      81.968
    ],
    [
      14.6009,
      115.8483,
      84.8123,
      56.058,
      122.4784,
      74.6014,
      63.2239,
      82.4061,
      29.7263,
      74.96,
      61.428,
      81.3346,
      32.658,
      0.0,
      74.169,
      99.672,
      23.7228,
      82.0701
    ],
    [
      63.1763,
      41.814,
      135.8466,
      39.2412,
      49.3955,
      129.3173,
      83.7443,
      156.0165,
      64.9101,
      74.5118,
      75.2586,
      142.6961,
      106.6312,
      74.169,
      0.0,
      115.9723,
      87.8167,
      114.5094
    ],
    [
      107.6305,
      139.3819,
      57.2095,
      132.4808,
      138.0725,
      62.0889,
      37.9545,
      147.1125,
      124.6474,
      165.4255,
      43.7614,
      172.5309,
      112.7553,
      99.672,
      115.9723,
      0.0,
      122.21,
      181.6536
    ],
    [
      25.7517,
      129.3509,
      100.2698,
      59.5623,
      137.1981,
      89.2683,
      86.5331,
      70.476,
      26.2118,
      65.5417,
      85.0962,
      58.7702,
      27.0272,
      23.7228,
      87.8167,
      122.21,
      0.0,
      61.1187
    ],
    [
      75.0829,
      149.0293,
      160.6683,
      75.3173,
      159.1803,
      149.4917,
      144.6073,
      101.4629,
      59.6349,
      46.6386,
      141.5268,
      54.5338,
      81.968,
      82.0701,
      114.5094,
      181.6536,
      61.1187,
      0.0
    ]
  ],
  "speed_matrix_kmh": [
    [
      0,
      30,
      60,
      80,
      60,
      40,
      30,
      60,
      60,
      80,
      40,
      80,
      80,
      60,
      40,
      80,
      40,
      60
    ],
    [
      60,
      0,
      40,
      40,
      80,
      60,
      30,
      40,
      80,
      60,
      30,
      80,
      30,
      80,
      30,
      80,
      40,
      30
    ],
    [
      40,
      80,
      0,
      30,
      40,
      40,
      30,
      80,
      80,
      60,
      60,
      60,
      40,
      60,
      40,
      40,
      60,
      60
    ],
    [
      60,
      80,
      60,
      0,
      30,
      30,
      60,
      40,
      80,
      80,
      60,
      80,
      30,
      60,
      30,
      30,
      80,
      30
    ],
    [
      60,
      40,
      40,
      60,
      0,
      80,
      60,
      60,
      40,
      40,
      60,
      40,
      40,
      60,
      60,
      80,
      40,
      60
    ],
    [
      30,
      30,
      80,
      40,
      40,
      0,
      80,
      30,
      30,
      40,
      40,
      60,
      80,
      80,
      60,
      40,
      30,
      40
    ],
    [
      80,
      60,
      60,
      40,
      30,
      80,
      0,
      40,
      40,
      30,
      60,
      30,
      60,
      60,
      60,
      30,
      80,
      60
    ],
    [
      60,
      60,
      40,
      60,
      30,
      80,
      80,
      0,
      60,
      30,
      40,
      80,
      60,
      30,
      30,
      40,
      30,
      80
    ],
    [
      60,
      40,
      80,
      40,
      30,
      60,
      80,
      30,
      0,
      60,
      80,
      60,
      30,
      40,
      80,
      60,
      60,
      30
    ],
    [
      80,
      30,
      60,
      30,
      80,
      80,
      40,
      40,
      60,
      0,
      30,
      40,
      40,
      80,
      80,
      80,
      60,
      30
    ],
    [
      40,
      80,
      80,
      40,
      30,
      30,
      80,
      30,
      80,
      40,
      0,
      30,
      80,
      30,
      60,
      60,
      40,
      80
    ],
    [
      30,
      80,
      80,
      30,
      60,
      30,
      40,
      80,
      60,
      80,
      80,
      0,
      30,
      40,
      30,
      60,
      80,
      60
    ],
    [
      30,
      60,
      40,
      40,
      40,
      80,
      60,
      40,
      80,
      40,
      60,
      60,
      0,
      40,
      80,
      40,
      60,
      80
    ],
    [
      80,
      80,
      80,
      60,
      60,
      40,
      80,
      80,
      40,
      80,
      30,
      80,
      60,
      0,
      30,
      60,
      60,
      30
    ],
    [
      40,
      80,
      30,
      60,
      60,
      40,
      60,
      60,
      40,
      30,
      40,
      60,
      30,
      40,
      0,
      30,
      30,
      40
    ],
    [
      80,
      30,
      40,
      60,
      60,
      60,
      30,
      30,
      30,
      30,
      30,
      60,
      30,
      60,
      30,
      0,
      60,
      40
    ],
    [
      80,
      80,
      60,
      40,
      30,
      30,
      60,
      40,
      30,
      40,
      40,
      40,
      60,
      60,
      40,
      30,
      0,
      80
    ],
    [
      30,
      60,
      40,
      60,
      60,
      80,
      40,
      40,
      40,
      60,
      40,
      60,
      30,
      30,
      60,
      60,
      40,
      0
    ]
  ]
}