{
  "name": "C18R2",
  "n_customers": 18,
  "n_stations": 2,
  "total_nodes": 21,
  "parameters": {
    "vehicle_capacity_tons": 3.0,
    "battery_capacity_kwh": 110.0,
    "curb_weight_kg": 2500,
    "alpha": 0.0981,
    "beta": 2.11,
    "eff_motor": 1.25,
    "eff_battery_discharge": 1.11,
    "eff_recharge": 1.25,
    "emission_rate_kg_per_kwh": 0.69,
    "max_vehicles": 3,
    "grid_size_miles": 200,
    "miles_to_meters": 1609.34
  },
  "depot": {
    "id": 0,
    "x": 100.0,
    "y": 100.0
  },
  "customers": [
    {
      "id": 1,
      "x": 19.57,
      "y": 97.72,
      "demand_tons": 0.1271
    },
    {
      "id": 2,
      "x": 37.23,
      "y": 3.88,
      "demand_tons": 0.0917
    },
    {
      "id": 3,
      "x": 61.45,
      "y": 92.98,
      "demand_tons": 0.1295
    },
    {
      "id": 4,
      "x": 19.61,
      "y": 13.6,
      "demand_tons": 0.1369
    },
    {
      "id": 5,
      "x": 118.24,
      "y": 134.77,
      "demand_tons": 0.0707
    },
    {
      "id": 6,
      "x": 13.0,
      "y": 151.33,
      "demand_tons": 0.1163
    },
    {
      "id": 7,
      "x": 115.32,
      "y": 116.42,
      "demand_tons": 0.0992
    },
    {
      "id": 8,
      "x": 20.66,
      "y": 46.1,
      "demand_tons": 0.1127
    },
    {
      "id": 9,
      "x": 186.56,
      "y": 192.01,
      "demand_tons": 0.0843
    },
    {
      "id": 10,
      "x": 33.34,
      "y": 164.81,
      "demand_tons": 0.1208
    },
    {
      "id": 11,
      "x": 183.47,
      "y": 108.13,
      "demand_tons": 0.0644
    },
    {
      "id": 12,
      "x": 41.26,
      "y": 180.01,
      "demand_tons": 0.0522
    },
    {
      "id": 13,
      "x": 17.55,
      "y": 91.55,
      "demand_tons": 0.1466
    },
    {
      "id": 14,
      "x": 158.81,
      "y": 108.34,
      "demand_tons": 0.1246
    },
    {
      "id": 15,
      "x": 130.21,
      "y": 9.84,
      "demand_tons": 0.1242
    },
    {
      "id": 16,
      "x": 164.06,
      "y": 22.01,
      "demand_tons": 0.0887
    },
    {
      "id": 17,
      "x": 136.47,
      "y": 179.52,
      "demand_tons": 0.1107
    },
    {
      "id": 18,
      "x": 22.95,
      "y": 198.9,
      "demand_tons": 0.1343
    }
  ],
  "stations": [
    {
      "id": 19,
      "x": 163.54,
      "y": 15.8
    },
    {
      "id": 20,
      "x": 195.83,
      "y": 4.4
    }
  ],
  "distance_matrix_miles": [
    [
      0.0,
      80.4623,
      114.8004,
      39.184,
      118.0149,
      39.2639,
      101.0137,
      22.457,
      95.9169,
      126.3269,
      92.9725,
      83.865,
      99.2572,
      82.8819,
      59.3984,
      95.0866,
      100.9263,
      87.4842,
      125.3711,
      105.4845,
      135.3615
    ],
    [
      80.4623,
      0.0,
      95.4873,
      42.1474,
      84.12,
      105.3967,
      54.0111,
      97.559,
      51.6315,
      191.7714,
      68.4885,
      164.2303,
      85.1005,
      6.4922,
      139.6444,
      141.2944,
      163.1238,
      142.6774,
      101.2364,
      165.6449,
      199.4397
    ],
    [
      114.8004,
      95.4873,
      0.0,
      92.3332,
      20.1232,
      153.9312,
      149.4276,
      136.9792,
      45.3552,
      240.1923,
      160.977,
      179.5945,
      176.1761,
      89.8517,
      160.2922,
      93.1708,
      128.1193,
      201.7374,
      195.5421,
      126.8712,
      158.6009
    ],
    [
      39.184,
      42.1474,
      92.3332,
      0.0,
      89.7317,
      70.5089,
      75.8428,
      58.7487,
      62.1414,
      159.5602,
      77.1344,
      122.9569,
      89.3412,
      43.9233,
      98.5642,
      107.8897,
      124.762,
      114.5302,
      112.7,
      127.9809,
      160.9484
    ],
    [
      118.0149,
      84.12,
      20.1232,
      89.7317,
      0.0,
      156.2371,
      137.8885,
      140.4719,
      32.517,
      244.3408,
      151.8321,
      189.1719,
      167.8124,
      77.9772,
      168.3814,
      110.6639,
      144.6946,
      202.9426,
      185.3301,
      143.9468,
      176.46
    ],
    [
      39.2639,
      105.3967,
      153.9312,
      70.5089,
      156.2371,
      0.0,
      106.5349,
      18.5809,
      131.8493,
      89.1293,
      90.0578,
      70.4602,
      89.2893,
      109.5739,
      48.4197,
      125.5021,
      121.714,
      48.3208,
      114.8601,
      127.3026,
      151.712
    ],
    [
      101.0137,
      54.0111,
      149.4276,
      75.8428,
      137.8885,
      106.5349,
      0.0,
      108.1115,
      105.5084,
      178.2637,
      24.4014,
      175.8586,
      40.2638,
      59.9529,
      152.0154,
      183.7324,
      198.8537,
      126.6472,
      48.5995,
      202.5603,
      234.5533
    ],
    [
      22.457,
      97.559,
      136.9792,
      58.7487,
      140.4719,
      18.5809,
      108.1115,
      0.0,
      117.9212,
      103.87,
      95.1962,
      68.6524,
      97.6144,
      100.8835,
      44.2342,
      107.6151,
      106.2489,
      66.5502,
      123.8352,
      111.5776,
      137.9505
    ],
    [
      95.9169,
      51.6315,
      45.3552,
      62.1414,
      32.517,
      131.8493,
      105.5084,
      117.9212,
      0.0,
      220.9356,
      119.3853,
      174.2263,
      135.4852,
      45.5563,
      151.5231,
      115.3949,
      145.4094,
      176.6716,
      152.8172,
      146.0575,
      180.065
    ],
    [
      126.3269,
      191.7714,
      240.1923,
      159.5602,
      244.3408,
      89.1293,
      178.2637,
      103.87,
      220.9356,
      0.0,
      155.6156,
      83.9369,
      145.7947,
      196.6128,
      88.1518,
      190.6862,
      171.4825,
      51.6237,
      163.755,
      177.7073,
      187.8389
    ],
    [
      92.9725,
      68.4885,
      160.977,
      77.1344,
      151.8321,
      90.0578,
      24.4014,
      95.1962,
      119.3853,
      155.6156,
      0.0,
      160.4732,
      17.1396,
      74.9423,
      137.5921,
      182.7553,
      193.5964,
      104.1738,
      35.6382,
      197.8788,
      228.3295
    ],
    [
      83.865,
      164.2303,
      179.5945,
      122.9569,
      189.1719,
      70.4602,
      175.8586,
      68.6524,
      174.2263,
      83.9369,
      160.4732,
      0.0,
      159.3437,
      166.7463,
      24.6609,
      111.7924,
      88.2802,
      85.4724,
      184.4068,
      94.4565,
      104.4638
    ],
    [
      99.2572,
      85.1005,
      176.1761,
      89.3412,
      167.8124,
      89.2893,
      40.2638,
      97.6144,
      135.4852,
      145.7947,
      17.1396,
      159.3437,
      0.0,
      91.5824,
      137.6757,
      192.0154,
      200.1096,
      95.2113,
      26.3076,
      204.7372,
      233.9461
    ],
    [
      82.8819,
      6.4922,
      89.8517,
      43.9233,
      77.9772,
      109.5739,
      59.9529,
      100.8835,
      45.5563,
      196.6128,
      74.9423,
      166.7463,
      91.5824,
      0.0,
      142.2543,
      139.1718,
      162.1758,
      147.9212,
      107.4857,
      164.4723,
      198.4411
    ],
    [
      59.3984,
      139.6444,
      160.2922,
      98.5642,
      168.3814,
      48.4197,
      152.0154,
      44.2342,
      151.5231,
      88.1518,
      137.5921,
      24.6609,
      137.6757,
      142.2543,
      0.0,
      102.5681,
      86.4895,
      74.6034,
      163.276,
      92.6608,
      110.3359
    ],
    [
      95.0866,
      141.2944,
      93.1708,
      107.8897,
      110.6639,
      125.5021,
      183.7324,
      107.6151,
      115.3949,
      190.6862,
      182.7553,
      111.7924,
      192.0154,
      139.1718,
      102.5681,
      0.0,
      35.9713,
      169.7954,
      217.367,
      33.8587,
      65.8451
    ],
    [
      100.9263,
      163.1238,
      128.1193,
      124.762,
      144.6946,
      121.714,
      198.8537,
      106.2489,
      145.4094,
      171.4825,
      193.5964,
      88.2802,
      200.1096,
      162.1758,
      86.4895,
      35.9713,
      0.0,
      159.9081,
      226.2788,
      6.2317,
      36.3242
    ],
    [
      87.4842,
      142.6774,
      201.7374,
      114.5302,
      202.9426,
      48.3208,
      126.6472,
      66.5502,
      176.6716,
      51.6237,
      104.1738,
      85.4724,
      95.2113,
      147.9212,
      74.6034,
      169.7954,
      159.9081,
      0.0,
      115.1624,
      165.9428,
      184.9071
    ],
    [
      125.3711,
      101.2364,
      195.5421,
      112.7,
      185.3301,
      114.8601,
      48.5995,
      123.8352,
      152.8172,
      163.755,
      35.6382,
      184.4068,
      26.3076,
      107.4857,
      163.276,
      217.367,
      226.2788,
      115.1624,
      0.0,
      230.8488,
      260.2263
    ],
    [
      105.4845,
      165.6449,
      126.8712,
      127.9809,
      143.9468,
      127.3026,
      202.5603,
      111.5776,
      146.0575,
      177.7073,
      197.8788,
      94.4565,
      204.7372,
      164.4723,
      92.6608,
      33.8587,
      6.2317,
      165.9428,
      230.8488,
      0.0,
      34.2433
    ],
    [
      135.3615,
      199.4397,
      158.6009,
      160.9484,
      176.46,
      151.712,
      234.5533,
      137.9505,
      180.065,
      187.8389,
      228.3295,
      104.4638,
      233.9461,
      198.4411,
      110.3359,
      65.8451,
      36.3242,
      184.9071,
      260.2263,
      34.2433,
      0.0
    ]
  ],
  "speed_matrix_kmh": [
    [
      0,
      40,
      40,
      40,
      80,
      80,
      60,
      30,
      40,
      40,
      60,
      80,
      30,
      30,
      40,
      80,
      40,
      80,
      40,
      40,
      40
    ],
    [
      80,
      0,
      30,
      60,
      30,
      60,
      80,
      80,
      30,
      60,
      30,
      80,
      80,
      80,
      60,
      80,
      80,
      40,
      80,
      80,
      40
    ],
    [
      30,
      80,
      0,
      60,
      80,
      60,
      40,
      40,
      30,
      40,
      30,
      80,
      80,
      40,
      30,
      60,
      30,
      40,
      40,
      60,
      40
    ],
    [
      30,
      80,
      80,
      0,
      80,
      30,
      30,
      80,
      60,
      30,
      80,
      30,
      60,
      60,
      40,
      40,
      30,
      40,
      30,
      60,
      80
    ],
    [
      40,
      60,
      80,
      40,
      0,
      40,
      40,
      60,
      80,
      60,
      60,
      30,
      30,
      80,
      60,
      40,
      30,
      80,
      60,
      80,
      40
    ],
    [
      30,
      40,
      30,
      40,
      40,
      0,
      30,
      60,
      40,
      60,
      60,
      80,
      80,
      80,
      40,
      60,
      40,
      60,
      30,
      30,
      30
    ],
    [
      40,
      60,
      30,
      80,
      40,
      30,
      0,
      60,
      60,
      30,
      80,
      30,
      60,
      60,
      30,
      60,
      30,
      30,
      30,
      30,
      30
    ],
    [
      60,
      40,
      30,
      80,
      30,
      40,
      30,
      0,
      30,
      80,
      40,
      40,
      80,
      40,
      80,
      80,
      40,
      60,
      40,
      60,
      40
    ],
    [
      60,
      60,
      30,
      60,
      80,
      60,
      30,
      60,
      0,
      80,
      60,
      40,
      30,
      60,
      40,
      30,
      80,
      80,
      40,
      30,
      60
    ],
    [
      60,
      80,
      40,
      30,
      60,
      30,
      30,
      60,
      80,
      0,
      40,
      80,
      80,
      60,
      40,
      60,
      80,
      40,
      30,
      30,
      40
    ],
    [
      40,
      80,
      80,
      40,
      80,
      60,
      40,
      30,
      80,
      60,
      0,
      60,
      30,
      60,
      60,
      80,
      80,
      60,
      60,
      80,
      40
    ],
    [
      80,
      80,
      30,
      80,
      40,
      60,
      30,
      40,
      80,
      80,
      80,
      0,
      30,
      60,
      30,
      60,
      30,
      30,
      30,
      80,
      40
    ],
    [
      30,
      80,
      60,
      40,
      30,
      80,
      40,
      60,
      60,
      60,
      40,
      40,
      0,
      30,
      40,
      40,
      60,
      60,
      30,
      60,
      30
    ],
    [
      80,
      40,
      60,
      60,
      30,
      40,
      30,
      30,
      80,
      60,
      60,
      60,
      40,
      0,
      40,
      30,
      40,
      60,
      40,
      40,
      80
    ],
    [
      80,
      40,
      40,
      80,
      40,
      30,
      40,
      30,
      40,
      30,
      30,
      30,
      30,
      80,
      0,
      30,
      80,
      40,
      80,
      30,
      60
    ],
    [
      40,
      80,
      30,
      80,
      60,
      60,
      40,
      30,
      30,
      40,
      80,
      80,
      30,
      60,
      40,
      0,
      80,
      40,
      60,
      80,
      40
    ],
    [
      80,
      40,
      80,
      80,
      60,
      80,
      30,
      40,
      40,
      30,
      80,
      80,
      40,
      60,
      40,
      80,
      0,
      30,
      40,
      30,
      80
    ],
    [
      40,
      60,
      40,
      60,
      60,
      30,
      30,
      80,
      80,
      80,
      30,
      30,
      60,
      30,
      80,
      40,
      40,
      0,
      30,
      30,
      60
    ],
    [
      30,
      80,
      80,
      60,
      80,
      80,
      80,
      60,
      80,
      40,
      60,
      80,
      30,
      40,
      40,
      60,
      40,
      80,
      0,
      40,
      30
    ],
    [
      80,
      60,
      80,
      40,
      60,
      30,
      30,
      60,
      80,
      40,
      40,
      40,
      80,
      60,
      80,
      80,
      80,
      30,
      30,
      0,
      40
    ],
    [
      80,
      60,
      30,
      40,
      30,
      30,
      60,
      40,
      40,
      30,
      60,
      60,
      60,
      80,
      30,
      60,
      60,
      80,
      40,
      40,
      0
    ]
  ]
}