{
  "name": "C19R2",
  "n_customers": 19,
  "n_stations": 2,
  "total_nodes": 22,
  "parameters": {
    "vehicle_capacity_tons": 3.0,
    "battery_capacity_kwh": 110.0,
    "curb_weight_kg": 2500,
    "alpha": 0.0981,
    "beta": 2.11,
    "eff_motor": 1.25,
    "eff_battery_discharge": 1.11,
    "eff_recharge": 1.25,
    "emission_rate_kg_per_kwh": 0.69,
    "max_vehicles": 3,
    "grid_size_miles": 200,
    "miles_to_meters": 1609.34
  },
  "depot": {
    "id": 0,
    "x": 100.0,
    "y": 100.0
  },
  "customers": [
    {
      "id": 1,
      "x": 95.17,
      "y": 139.3,
      "demand_tons": 0.0509
    },
    {
      "id": 2,
      "x": 191.11,
      "y": 165.77,
      "demand_tons": 0.1367
    },
    {
      "id": 3,
      "x": 124.47,
      "y": 80.88,
      "demand_tons": 0.0546
    },
    {
      "id": 4,
      "x": 186.08,
      "y": 196.98,
      "demand_tons": 0.1171
    },
    {
      "id": 5,
      "x": 74.02,
      "y": 90.61,
      "demand_tons": 0.1368
    },
    {
      "id": 6,
      "x": 30.44,
      "y": 132.93,
      "demand_tons": 0.0691
    },
    {
      "id": 7,
      "x": 198.84,
      "y": 85.73,
      "demand_tons": 0.1203
    },
    {
      "id": 8,
      "x": 126.64,
      "y": 51.29,
      "demand_tons": 0.0869
    },
    {
      "id": 9,
      "x": 174.04,
      "y": 145.15,
      "demand_tons": 0.1199
    },
    {
      "id": 10,
      "x": 191.09,
      "y": 108.72,
      "demand_tons": 0.1131
    },
    {
      "id": 11,
      "x": 176.98,
      "y": 127.21,
      "demand_tons": 0.1462
    },
    {
      "id": 12,
      "x": 184.67,
      "y": 191.74,
      "demand_tons": 0.1152
    },
    {
      "id": 13,
      "x": 81.47,
      "y": 196.78,
      "demand_tons": 0.0876
    },
    {
      "id": 14,
      "x": 134.06,
      "y": 92.62,
      "demand_tons": 0.0867
    },
    {
      "id": 15,
      "x": 38.53,
      "y": 158.64,
      "demand_tons": 0.1343
    },
    {
      "id": 16,
      "x": 158.8,
      "y": 151.81,
      "demand_tons": 0.0647
    },
    {
      "id": 17,
      "x": 23.17,
      "y": 95.87,
      "demand_tons": 0.0933
    },
    {
      "id": 18,
      "x": 85.39,
      "y": 118.9,
      "demand_tons": 0.0581
    },
    {
      "id": 19,
      "x": 29.0,
      "y": 132.56,
      "demand_tons": 0.1227
    }
  ],
  "stations": [
    {
      "id": 20,
      "x": 125.51,
      "y": 169.1
    },
    {
      "id": 21,
      "x": 120.89,
      "y": 127.35
    }
  ],
  "distance_matrix_miles": [
    [
      0.0,
      39.5957,
      112.3687,
      31.0541,
      129.6722,
      27.6249,
      76.9609,
      99.8648,
      55.5189,
      86.7205,
      91.5064,
      81.6474,
      124.8408,
      98.538,
      34.8504,
      84.9542,
      78.3691,
      76.9409,
      23.8885,
      78.1099,
      73.6585,
      34.4153
    ],
    [
      39.5957,
      0.0,
      99.5246,
      65.3558,
      107.6643,
      53.0852,
      65.0427,
      116.6928,
      93.4672,
      79.0867,
      100.6766,
      82.6985,
      103.7314,
      59.0901,
      60.7573,
      59.8509,
      64.8481,
      84.0843,
      22.6232,
      66.5124,
      42.5271,
      28.3606
    ],
    [
      112.3687,
      99.5246,
      0.0,
      107.9222,
      31.6127,
      139.137,
      163.9918,
      80.4124,
      131.3851,
      26.7688,
      57.05,
      41.0674,
      26.7566,
      113.941,
      92.7665,
      152.7465,
      35.1968,
      181.9062,
      115.6439,
      165.4768,
      65.6845,
      80.0434
    ],
    [
      31.0541,
      65.3558,
      107.9222,
      0.0,
      131.4344,
      51.3797,
      107.4749,
      74.528,
      29.6695,
      81.1654,
      72.2031,
      70.0269,
      126.1506,
      123.6196,
      15.159,
      115.8978,
      78.8011,
      102.4031,
      54.5231,
      108.5603,
      88.2261,
      46.6077
    ],
    [
      129.6722,
      107.6643,
      31.6127,
      131.4344,
      0.0,
      154.5057,
      168.3039,
      111.9794,
      157.3489,
      53.2101,
      88.4021,
      70.3609,
      5.4264,
      104.6102,
      116.6066,
      152.4499,
      52.7686,
      191.7365,
      127.4165,
      169.7765,
      66.6785,
      95.3838
    ],
    [
      27.6249,
      53.0852,
      139.137,
      51.3797,
      154.5057,
      0.0,
      60.747,
      124.9154,
      65.6881,
      113.9237,
      118.4625,
      109.2718,
      149.9023,
      106.4311,
      60.0736,
      76.7308,
      104.5614,
      51.1213,
      30.4894,
      61.5354,
      93.8717,
      59.5535
    ],
    [
      76.9609,
      65.0427,
      163.9918,
      107.4749,
      168.3039,
      60.747,
      0.0,
      174.8897,
      126.1726,
      144.119,
      162.464,
      146.6516,
      165.0621,
      81.7367,
      111.1845,
      26.9528,
      129.7411,
      37.7663,
      56.7128,
      1.4868,
      101.7181,
      90.622
    ],
    [
      99.8648,
      116.6928,
      80.4124,
      74.528,
      111.9794,
      124.9154,
      174.8897,
      0.0,
      79.9935,
      64.3877,
      24.2611,
      46.8876,
      106.9528,
      161.5791,
      65.1454,
      176.1112,
      77.2643,
      175.9624,
      118.1996,
      176.178,
      111.0308,
      88.3653
    ],
    [
      55.5189,
      93.4672,
      131.3851,
      29.6695,
      157.3489,
      65.6881,
      126.1726,
      79.9935,
      0.0,
      105.1497,
      86.325,
      91.0932,
      151.9661,
      152.3406,
      41.9908,
      138.8791,
      105.5393,
      112.6651,
      79.2002,
      127.0369,
      117.8154,
      76.277
    ],
    [
      86.7205,
      79.0867,
      26.7688,
      81.1654,
      53.2101,
      113.9237,
      144.119,
      64.3877,
      105.1497,
      0.0,
      40.2225,
      18.1793,
      47.7873,
      105.9946,
      66.0136,
      136.1798,
      16.6317,
      158.7144,
      92.4548,
      145.5854,
      54.1181,
      56.0514
    ],
    [
      91.5064,
      100.6766,
      57.05,
      72.2031,
      88.4021,
      118.4625,
      162.464,
      24.2611,
      86.325,
      40.2225,
      0.0,
      23.2588,
      83.2679,
      140.6098,
      59.259,
      160.5197,
      53.846,
      168.411,
      106.1891,
      163.8338,
      89.143,
      72.63
    ],
    [
      81.6474,
      82.6985,
      41.0674,
      70.0269,
      70.3609,
      109.2718,
      146.6516,
      46.8876,
      91.0932,
      18.1793,
      23.2588,
      0.0,
      64.9866,
      118.1615,
      55.1234,
      141.9727,
      30.5888,
      156.9704,
      91.9662,
      148.0767,
      66.3621,
      56.0902
    ],
    [
      124.8408,
      103.7314,
      26.7566,
      126.1506,
      5.4264,
      149.9023,
      165.0621,
      106.9528,
      151.9661,
      47.7873,
      83.2679,
      64.9866,
      0.0,
      103.323,
      111.2931,
      149.8416,
      47.578,
      187.8119,
      123.1348,
      166.5395,
      63.3441,
      90.6309
    ],
    [
      98.538,
      59.0901,
      113.941,
      123.6196,
      104.6102,
      106.4311,
      81.7367,
      161.5791,
      152.3406,
      105.9946,
      140.6098,
      118.1615,
      103.323,
      0.0,
      116.6834,
      57.4326,
      89.4552,
      116.5406,
      77.9786,
      82.9295,
      52.0164,
      79.8402
    ],
    [
      34.8504,
      60.7573,
      92.7665,
      15.159,
      116.6066,
      60.0736,
      111.1845,
      65.1454,
      41.9908,
      66.0136,
      59.259,
      55.1234,
      111.2931,
      116.6834,
      0.0,
      116.1233,
      64.1523,
      110.9376,
      55.3119,
      112.3958,
      76.9564,
      37.1433
    ],
    [
      84.9542,
      59.8509,
      152.7465,
      115.8978,
      152.4499,
      76.7308,
      26.9528,
      176.1112,
      138.8791,
      136.1798,
      160.5197,
      141.9727,
      149.8416,
      57.4326,
      116.1233,
      0.0,
      120.4638,
      64.622,
      61.4421,
      27.7667,
      87.6067,
      88.1035
    ],
    [
      78.3691,
      64.8481,
      35.1968,
      78.8011,
      52.7686,
      104.5614,
      129.7411,
      77.2643,
      105.5393,
      16.6317,
      53.846,
      30.5888,
      47.578,
      89.4552,
      64.1523,
      120.4638,
      0.0,
      146.7133,
      80.4493,
      131.2197,
      37.5122,
      45.1161
    ],
    [
      76.9409,
      84.0843,
      181.9062,
      102.4031,
      191.7365,
      51.1213,
      37.7663,
      175.9624,
      112.6651,
      158.7144,
      168.411,
      156.9704,
      187.8119,
      116.5406,
      110.9376,
      64.622,
      146.7133,
      0.0,
      66.3454,
      37.1503,
      125.8416,
      102.6654
    ],
    [
      23.8885,
      22.6232,
      115.6439,
      54.5231,
      127.4165,
      30.4894,
      56.7128,
      118.1996,
      79.2002,
      92.4548,
      106.1891,
      91.9662,
      123.1348,
      77.9786,
      55.3119,
      61.4421,
      80.4493,
      66.3454,
      0.0,
      58.0209,
      64.2624,
      36.4918
    ],
    [
      78.1099,
      66.5124,
      165.4768,
      108.5603,
      169.7765,
      61.5354,
      1.4868,
      176.178,
      127.0369,
      145.5854,
      163.8338,
      148.0767,
      166.5395,
      82.9295,
      112.3958,
      27.7667,
      131.2197,
      37.1503,
      58.0209,
      0.0,
      103.1957,
      92.0376
    ],
    [
      73.6585,
      42.5271,
      65.6845,
      88.2261,
      66.6785,
      93.8717,
      101.7181,
      111.0308,
      117.8154,
      54.1181,
      89.143,
      66.3621,
      63.3441,
      52.0164,
      76.9564,
      87.6067,
      37.5122,
      125.8416,
      64.2624,
      103.1957,
      0.0,
      42.0048
    ],
    [
      34.4153,
      28.3606,
      80.0434,
      46.6077,
      95.3838,
      59.5535,
      90.622,
      88.3653,
      76.277,
      56.0514,
      72.63,
      56.0902,
      90.6309,
      79.8402,
      37.1433,
      88.1035,
      45.1161,
      102.6654,
      36.4918,
      92.0376,
      42.0048,
      0.0
    ]
  ],
  "speed_matrix_kmh": [
    [
      0,
      30,
      80,
      30,
      30,
      30,
      30,
      60,
      40,
      60,
      80,
      40,
      60,
      80,
      40,
      40,
      80,
      80,
      30,
      60,
      60,
      40
    ],
    [
      80,
      0,
      60,
      30,
      30,
      40,
      40,
      40,
      40,
      40,
      40,
      60,
      40,
      30,
      60,
      30,
      80,
      30,
      60,
      80,
      40,
      40
    ],
    [
      30,
      30,
      0,
      30,
      30,
      60,
      40,
      40,
      60,
      40,
      40,
      80,
      80,
      30,
      60,
      80,
      30,
      30,
      60,
      80,
      30,
      60
    ],
    [
      60,
      30,
      60,
      0,
      60,
      40,
      60,
      80,
      30,
      60,
      30,
      80,
      80,
      60,
      80,
      30,
      40,
      40,
      30,
      60,
      30,
      80
    ],
    [
      30,
      80,
      60,
      60,
      0,
      80,
      60,
      30,
      40,
      80,
      80,
      60,
      30,
      30,
      80,
      60,
      30,
      80,
      40,
      60,
      80,
      30
    ],
    [
      30,
      80,
      80,
      40,
      30,
      0,
      60,
      30,
      80,
      80,
      30,
      40,
      60,
      80,
      40,
      40,
      40,
      40,
      60,
      40,
      30,
      40
    ],
    [
      30,
      30,
      60,
      30,
      30,
      60,
      0,
      80,
      40,
      80,
      40,
      80,
      80,
      60,
      40,
      40,
      40,
      80,
      40,
      80,
      60,
      60
    ],
    [
      30,
      60,
      40,
      80,
      30,
      60,
      30,
      0,
      40,
      80,
      30,
      40,
      60,
      40,
      40,
      40,
      80,
      60,
      80,
      40,
      80,
      80
    ],
    [
      40,
      30,
      60,
      40,
      80,
      40,
      80,
      40,
      0,
      60,
      30,
      60,
      60,
      80,
      80,
      40,
      30,
      40,
      60,
      60,
      60,
      30
    ],
    [
      40,
      80,
      60,
      30,
      60,
      80,
      30,
      80,
      30,
      0,
      80,
      80,
      40,
      60,
      30,
      30,
      60,
      60,
      60,
      40,
      60,
      30
    ],
    [
      40,
      80,
      80,
      60,
      60,
      40,
      60,
      30,
      30,
      30,
      0,
      80,
      40,
      60,
      30,
      30,
      40,
      80,
      60,
      40,
      80,
      30
    ],
    [
      60,
      30,
      60,
      30,
      80,
      30,
      80,
      60,
      60,
      40,
      30,
      0,
      80,
      30,
      80,
      30,
      30,
      80,
      30,
      80,
      60,
      30
    ],
    [
      60,
      60,
      60,
      30,
      40,
      30,
      80,
      80,
      30,
      60,
      60,
      80,
      0,
      40,
      60,
      30,
      80,
      40,
      60,
      40,
      40,
      30
    ],
    [
      30,
      30,
      30,
      80,
      80,
      60,
      30,
      60,
      60,
      60,
      80,
      40,
      80,
      0,
      40,
      30,
      30,
      80,
      30,
      80,
      30,
      80
    ],
    [
      30,
      60,
      80,
      40,
      30,
      60,
      80,
      60,
      40,
      80,
      80,
      30,
      60,
      40,
      0,
      40,
      80,
      30,
      40,
      60,
      80,
      40
    ],
    [
      80,
      30,
      40,
      80,
      30,
      60,
      80,
      30,
      40,
      60,
      30,
      80,
      60,
      80,
      60,
      0,
      40,
      80,
      60,
      60,
      40,
      30
    ],
    [
      40,
      30,
      30,
      30,
      30,
      80,
      60,
      80,
      80,
      30,
      40,
      30,
      80,
      60,
      30,
      40,
      0,
      30,
      80,
      40,
      80,
      80
    ],
    [
      80,
      30,
      80,
      60,
      60,
      40,
      60,
      40,
      40,
      40,
      40,
      60,
      30,
      30,
      60,
      30,
      30,
      0,
      60,
      60,
      40,
      40
    ],
    [
      30,
      60,
      80,
      80,
      60,
      40,
      60,
      40,
      80,
      30,
      30,
      80,
      80,
      60,
      80,
      30,
      40,
      30,
      0,
      60,
      40,
      30
    ],
    [
      60,
      60,
      30,
      40,
      60,
      60,
      30,
      30,
      80,
      60,
      30,
      30,
      30,
      60,
      30,
      80,
      60,
      80,
      60,
      0,
      80,
      60
    ],
    [
      80,
      80,
      30,
      30,
      30,
      30,
      60,
      80,
      40,
      80,
      80,
      30,
      30,
      80,
      60,
      80,
      40,
      30,
      40,
      60,
      0,
      60
    ],
    [
      80,
      60,
      80,
      40,
      80,
      30,
      60,
      30,
      30,
      80,
      80,
      30,
      60,
      40,
      80,
      40,
      60,
      40,
      40,
      60,
      30,
      0
    ]
  ]
}