{
  "name": "C20R2",
  "n_customers": 20,
  "n_stations": 2,
  "total_nodes": 23,
  "parameters": {
    "vehicle_capacity_tons": 3.0,
    "battery_capacity_kwh": 110.0,
    "curb_weight_kg": 2500,
    "alpha": 0.0981,
    "beta": 2.11,
    "eff_motor": 1.25,
    "eff_battery_discharge": 1.11,
    "eff_recharge": 1.25,
    "emission_rate_kg_per_kwh": 0.69,
    "max_vehicles": 3,
    "grid_size_miles": 200,
    "miles_to_meters": 1609.34
  },
  "depot": {
    "id": 0,
    "x": 100.0,
    "y": 100.0
  },
  "customers": [
    {
      "id": 1,
      "x": 133.55,
      "y": 176.13,
      "demand_tons": 0.1158
    },
    {
      "id": 2,
      "x": 20.61,
      "y": 191.05,
      "demand_tons": 0.0761
    },
    {
      "id": 3,
      "x": 2.65,
      "y": 173.77,
      "demand_tons": 0.1201
    },
    {
      "id": 4,
      "x": 128.55,
      "y": 146.13,
      "demand_tons": 0.0871
    },
    {
      "id": 5,
      "x": 105.41,
      "y": 79.7,
      "demand_tons": 0.0614
    },
    {
      "id": 6,
      "x": 181.7,
      "y": 61.0,
      "demand_tons": 0.0986
    },
    {
      "id": 7,
      "x": 121.72,
      "y": 79.79,
      "demand_tons": 0.146
    },
    {
      "id": 8,
      "x": 87.96,
      "y": 195.22,
      "demand_tons": 0.1456
    },
    {
      "id": 9,
      "x": 193.62,
      "y": 101.51,
      "demand_tons": 0.0745
    },
    {
      "id": 10,
      "x": 76.73,
      "y": 155.62,
      "demand_tons": 0.0956
    },
    {
      "id": 11,
      "x": 120.52,
      "y": 142.78,
      "demand_tons": 0.0666
    },
    {
      "id": 12,
      "x": 154.12,
      "y": 80.15,
      "demand_tons": 0.0994
    },
    {
      "id": 13,
      "x": 129.93,
      "y": 42.56,
      "demand_tons": 0.0888
    },
    {
      "id": 14,
      "x": 165.35,
      "y": 97.93,
      "demand_tons": 0.0744
    },
    {
      "id": 15,
      "x": 102.84,
      "y": 15.28,
      "demand_tons": 0.0697
    },
    {
      "id": 16,
      "x": 124.25,
      "y": 48.73,
      "demand_tons": 0.0925
    },
    {
      "id": 17,
      "x": 53.94,
      "y": 113.44,
      "demand_tons": 0.142
    },
    {
      "id": 18,
      "x": 11.03,
      "y": 186.41,
      "demand_tons": 0.1193
    },
    {
      "id": 19,
      "x": 155.48,
      "y": 162.33,
      "demand_tons": 0.1491
    },
    {
      "id": 20,
      "x": 29.23,
      "y": 21.33,
      "demand_tons": 0.0874
    }
  ],
  "stations": [
    {
      "id": 21,
      "x": 154.87,
      "y": 168.49
    },
    {
      "id": 22,
      "x": 81.79,
      "y": 138.45
    }
  ],
  "distance_matrix_miles": [
    [
      0.0,
      83.1948,
      120.801,
      122.1435,
      54.2502,
      21.0085,
      90.5312,
      29.6682,
      95.9782,
      93.6322,
      60.2916,
      47.4468,
      57.6454,
      64.77,
      65.3828,
      84.7676,
      56.7157,
      47.9808,
      124.0256,
      83.4449,
      105.8176,
      87.7587,
      42.5442
    ],
    [
      83.1948,
      0.0,
      113.9212,
      130.9213,
      30.4138,
      100.452,
      124.7932,
      97.0636,
      49.4255,
      95.7943,
      60.4084,
      35.8051,
      98.1595,
      133.619,
      84.4185,
      163.7554,
      127.739,
      101.3301,
      122.9505,
      25.9107,
      186.67,
      22.6476,
      64.0225
    ],
    [
      120.801,
      113.9212,
      0.0,
      24.9231,
      116.9139,
      139.9638,
      207.0338,
      150.3397,
      67.479,
      194.8073,
      66.3682,
      110.9595,
      173.5619,
      184.3913,
      172.1075,
      194.0538,
      176.0575,
      84.4642,
      10.6445,
      137.894,
      169.9388,
      136.1422,
      80.683
    ],
    [
      122.1435,
      130.9213,
      24.9231,
      0.0,
      128.8983,
      139.3154,
      211.6033,
      151.6902,
      87.9653,
      204.1839,
      76.271,
      121.8758,
      178.067,
      182.8012,
      179.5076,
      187.5023,
      174.4178,
      79.1857,
      15.1656,
      153.2576,
      154.7399,
      152.3115,
      86.664
    ],
    [
      54.2502,
      30.4138,
      116.9139,
      128.8983,
      0.0,
      70.3449,
      100.3596,
      66.6907,
      63.6975,
      78.899,
      52.6818,
      8.7008,
      70.7615,
      103.5792,
      60.6422,
      133.3519,
      97.4949,
      81.4573,
      124.2314,
      31.4271,
      159.4977,
      34.5357,
      47.3865
    ],
    [
      21.0085,
      100.452,
      139.9638,
      139.3154,
      70.3449,
      0.0,
      78.5484,
      16.3102,
      116.8305,
      90.8663,
      81.1566,
      64.8645,
      48.7121,
      44.504,
      62.6509,
      64.4712,
      36.2503,
      61.5431,
      142.4591,
      96.6164,
      95.9711,
      101.6364,
      63.3204
    ],
    [
      90.5312,
      124.7932,
      207.0338,
      211.6033,
      100.3596,
      78.5484,
      0.0,
      62.8543,
      163.7138,
      42.2273,
      141.3211,
      102.1321,
      33.5765,
      54.956,
      40.3875,
      91.1549,
      58.7457,
      138.1035,
      211.7922,
      104.6674,
      157.5462,
      110.7879,
      126.414
    ],
    [
      29.6682,
      97.0636,
      150.3397,
      151.6902,
      66.6907,
      16.3102,
      62.8543,
      0.0,
      120.2656,
      75.109,
      88.1719,
      63.0014,
      32.402,
      38.1245,
      47.2508,
      67.216,
      31.1629,
      75.6733,
      153.6883,
      89.1773,
      109.4165,
      94.6922,
      70.9606
    ],
    [
      95.9782,
      49.4255,
      67.479,
      87.9653,
      63.6975,
      116.8305,
      163.7138,
      120.2656,
      0.0,
      141.2289,
      41.1615,
      61.7261,
      132.7338,
      158.3242,
      124.3164,
      180.5542,
      150.9181,
      88.5739,
      77.4328,
      75.1046,
      183.54,
      72.0517,
      57.1043
    ],
    [
      93.6322,
      95.7943,
      194.8073,
      204.1839,
      78.899,
      90.8663,
      42.2273,
      75.109,
      141.2289,
      0.0,
      128.8067,
      83.9454,
      44.9055,
      86.7843,
      28.4958,
      125.2063,
      87.1661,
      140.1885,
      201.3631,
      71.7895,
      182.9014,
      77.3814,
      117.7731
    ],
    [
      60.2916,
      60.4084,
      66.3682,
      76.271,
      52.6818,
      81.1566,
      141.3211,
      88.1719,
      41.1615,
      128.8067,
      0.0,
      45.6336,
      108.0969,
      124.9512,
      105.7433,
      142.7482,
      116.977,
      47.9431,
      72.557,
      79.0354,
      142.4432,
      79.1928,
      17.9001
    ],
    [
      47.4468,
      35.8051,
      110.9595,
      121.8758,
      8.7008,
      64.8645,
      102.1321,
      63.0014,
      61.7261,
      83.9454,
      45.6336,
      0.0,
      71.0737,
      100.6608,
      63.4133,
      128.72,
      94.1239,
      72.758,
      117.8628,
      40.055,
      151.9341,
      42.906,
      38.9713
    ],
    [
      57.6454,
      98.1595,
      173.5619,
      178.067,
      70.7615,
      48.7121,
      33.5765,
      32.402,
      132.7338,
      44.9055,
      108.0969,
      71.0737,
      0.0,
      44.7008,
      21.0295,
      82.6907,
      43.3524,
      105.5664,
      178.23,
      82.1913,
      138.0482,
      88.3432,
      92.9006
    ],
    [
      64.77,
      133.619,
      184.3913,
      182.8012,
      103.5792,
      44.504,
      54.956,
      38.1245,
      158.3242,
      86.7843,
      124.9512,
      100.6608,
      44.7008,
      0.0,
      65.7299,
      38.4456,
      8.3864,
      103.9156,
      186.6281,
      122.4649,
      102.9136,
      128.3759,
      107.2956
    ],
    [
      65.3828,
      84.4185,
      172.1075,
      179.5076,
      60.6422,
      62.6509,
      40.3875,
      47.2508,
      124.3164,
      28.4958,
      105.7433,
      63.4133,
      21.0295,
      65.7299,
      0.0,
      103.6268,
      64.1081,
      112.4844,
      177.8858,
      65.152,
      156.1929,
      71.334,
      92.8663
    ],
    [
      84.7676,
      163.7554,
      194.0538,
      187.5023,
      133.3519,
      64.4712,
      91.1549,
      67.216,
      180.5542,
      125.2063,
      142.7482,
      128.72,
      82.6907,
      38.4456,
      103.6268,
      0.0,
      39.7151,
      109.6658,
      194.2024,
      156.1879,
      73.8582,
      161.8037,
      124.9558
    ],
    [
      56.7157,
      127.739,
      176.0575,
      174.4178,
      97.4949,
      36.2503,
      58.7457,
      31.1629,
      150.9181,
      87.1661,
      116.977,
      94.1239,
      43.3524,
      8.3864,
      64.1081,
      39.7151,
      0.0,
      95.5556,
      178.2542,
      117.8146,
      98.8917,
      123.6125,
      99.2599
    ],
    [
      47.9808,
      101.3301,
      84.4642,
      79.1857,
      81.4573,
      61.5431,
      138.1035,
      75.6733,
      88.5739,
      140.1885,
      47.9431,
      72.758,
      105.5664,
      103.9156,
      112.4844,
      109.6658,
      95.5556,
      0.0,
      84.6516,
      112.697,
      95.3669,
      114.9668,
      37.4316
    ],
    [
      124.0256,
      122.9505,
      10.6445,
      15.1656,
      124.2314,
      142.4591,
      211.7922,
      153.6883,
      77.4328,
      201.3631,
      72.557,
      117.8628,
      178.23,
      186.6281,
      177.8858,
      194.2024,
      178.2542,
      84.6516,
      0.0,
      146.4433,
      166.0802,
      144.952,
      85.4818
    ],
    [
      83.4449,
      25.9107,
      137.894,
      153.2576,
      31.4271,
      96.6164,
      104.6674,
      89.1773,
      75.1046,
      71.7895,
      79.0354,
      40.055,
      82.1913,
      122.4649,
      65.152,
      156.1879,
      117.8146,
      112.697,
      146.4433,
      0.0,
      189.2619,
      6.1901,
      77.4627
    ],
    [
      105.8176,
      186.67,
      169.9388,
      154.7399,
      159.4977,
      95.9711,
      157.5462,
      109.4165,
      183.54,
      182.9014,
      142.4432,
      151.9341,
      138.0482,
      102.9136,
      156.1929,
      73.8582,
      98.8917,
      95.3669,
      166.0802,
      189.2619,
      0.0,
      193.498,
      128.3731
    ],
    [
      87.7587,
      22.6476,
      136.1422,
      152.3115,
      34.5357,
      101.6364,
      110.7879,
      94.6922,
      72.0517,
      77.3814,
      79.1928,
      42.906,
      88.3432,
      128.3759,
      71.334,
      161.8037,
      123.6125,
      114.9668,
      144.952,
      6.1901,
      193.498,
      0.0,
      79.0132
    ],
    [
      42.5442,
      64.0225,
      80.683,
      86.664,
      47.3865,
      63.3204,
      126.414,
      70.9606,
      57.1043,
      117.7731,
      17.9001,
      38.9713,
      92.9006,
      107.2956,
      92.8663,
      124.9558,
      99.2599,
      37.4316,
      85.4818,
      77.4627,
      128.3731,
      79.0132,
      0.0
    ]
  ],
  "speed_matrix_kmh": [
    [
      0,
      40,
      80,
      80,
      40,
      30,
      30,
      30,
      60,
      30,
      30,
      40,
      40,
      80,
      30,
      60,
      60,
      60,
      30,
      60,
      40,
      30,
      80
    ],
    [
      40,
      0,
      40,
      40,
      30,
      40,
      30,
      40,
      60,
      80,
      30,
      80,
      40,
      80,
      80,
      40,
      30,
      30,
      80,
      80,
      60,
      80,
      40
    ],
    [
      30,
      30,
      0,
      30,
      40,
      40,
      80,
      30,
      60,
      60,
      60,
      40,
      80,
      40,
      60,
      80,
      80,
      80,
      40,
      40,
      60,
      60,
      60
    ],
    [
      40,
      40,
      40,
      0,
      60,
      80,
      30,
      30,
      80,
      60,
      30,
      80,
      40,
      80,
      30,
      40,
      40,
      80,
      40,
      80,
      60,
      60,
      30
    ],
    [
      80,
      80,
      40,
      40,
      0,
      40,
      30,
      30,
      80,
      80,
      80,
      30,
      30,
      80,
      60,
      60,
      60,
      30,
      60,
      80,
      40,
      60,
      60
    ],
    [
      80,
      60,
      80,
      40,
      60,
      0,
      80,
      40,
      40,
      40,
      30,
      40,
      30,
      40,
      80,
      60,
      60,
      30,
      40,
      60,
      40,
      40,
      60
    ],
    [
      40,
      40,
      40,
      40,
      80,
      80,
      0,
      30,
      40,
      60,
      80,
      30,
      80,
      60,
      40,
      30,
      80,
      80,
      80,
      30,
      30,
      40,
      80
    ],
    [
      80,
      60,
      30,
      60,
      60,
      80,
      80,
      0,
      30,
      30,
      60,
      30,
      60,
      80,
      60,
      40,
      60,
      60,
      80,
      40,
      60,
      30,
      80
    ],
    [
      30,
      40,
      80,
      60,
      80,
      30,
      80,
      30,
      0,
      60,
      60,
      30,
      30,
      60,
      40,
      80,
      60,
      60,
      30,
      30,
      80,
      40,
      60
    ],
    [
      60,
      80,
      80,
      30,
      80,
      60,
      30,
      60,
      80,
      0,
      30,
      80,
      80,
      60,
      60,
      30,
      40,
      80,
      30,
      80,
      60,
      60,
      40
    ],
    [
      80,
      60,
      40,
      30,
      80,
      30,
      40,
      80,
      80,
      60,
      0,
      40,
      60,
      60,
      80,
      40,
      80,
      30,
      80,
      40,
      40,
      80,
      40
    ],
    [
      30,
      80,
      60,
      40,
      80,
      30,
      30,
      60,
      80,
      60,
      60,
      0,
      60,
      80,
      60,
      60,
      60,
      60,
      80,
      30,
      30,
      60,
      40
    ],
    [
      80,
      40,
      60,
      40,
      60,
      60,
      40,
      30,
      30,
      30,
      30,
      40,
      0,
      60,
      60,
      80,
      30,
      40,
      60,
      30,
      80,
      30,
      40
    ],
    [
      80,
      40,
      30,
      60,
      30,
      80,
      30,
      30,
      30,
      30,
      80,
      80,
      30,
      0,
      60,
      40,
      80,
      80,
      30,
      60,
      80,
      60,
      60
    ],
    [
      80,
      40,
      40,
      60,
      60,
      60,
      40,
      30,
      60,
      30,
      80,
      80,
      30,
      30,
      0,
      40,
      40,
      40,
      60,
      30,
      60,
      40,
      30
    ],
    [
      40,
      60,
      30,
      60,
      30,
      80,
      60,
      30,
      30,
      80,
      60,
      80,
      30,
      60,
      80,
      0,
      60,
      80,
      80,
      40,
      60,
      80,
      30
    ],
    [
      80,
      30,
      80,
      60,
      30,
      30,
      80,
      80,
      30,
      40,
      30,
      60,
      40,
      60,
      80,
      30,
      0,
      40,
      80,
      80,
      80,
      60,
      40
    ],
    [
      40,
      40,
      40,
      60,
      60,
      30,
      30,
      30,
      30,
      30,
      60,
      60,
      80,
      60,
      60,
      80,
      60,
      0,
      80,
      40,
      80,
      80,
      60
    ],
    [
      40,
      40,
      60,
      40,
      60,
      60,
      60,
      40,
      80,
      40,
      80,
      80,
      60,
      40,
      60,
      30,
      30,
      40,
      0,
      40,
      40,
      40,
      30
    ],
    [
      30,
      60,
      40,
      40,
      60,
      40,
      80,
      40,
      40,
      80,
      30,
      80,
      30,
      80,
      40,
      30,
      40,
      40,
      60,
      0,
      80,
      80,
      30
    ],
    [
      40,
      80,
      30,
      80,
      40,
      80,
      30,
      80,
      60,
      60,
      80,
      60,
      80,
      80,
      30,
      40,
      30,
      60,
      40,
      60,
      0,
      80,
      30
    ],
    [
      40,
      30,
      40,
      40,
      30,
      40,
      30,
      40,
      60,
      40,
      40,
      40,
      60,
      80,
      80,
      80,
      30,
      30,
      40,
      40,
      60,
      0,
      30
    ],
    [
      30,
      40,
      40,
      60,
      40,
      60,
      80,
      80,
      40,
      60,
      60,
      40,
      30,
      30,
      80,
      60,
      80,
      60,
      80,
      40,
      60,
      40,
      0
    ]
  ]
}