{
  "name": "C21R2",
  "n_customers": 21,
  "n_stations": 2,
  "total_nodes": 24,
  "parameters": {
    "vehicle_capacity_tons": 3.0,
    "battery_capacity_kwh": 110.0,
    "curb_weight_kg": 2500,
    "alpha": 0.0981,
    "beta": 2.11,
    "eff_motor": 1.25,
    "eff_battery_discharge": 1.11,
    "eff_recharge": 1.25,
    "emission_rate_kg_per_kwh": 0.69,
    "max_vehicles": 3,
    "grid_size_miles": 200,
    "miles_to_meters": 1609.34
  },
  "depot": {
    "id": 0,
    "x": 100.0,
    "y": 100.0
  },
  "customers": [
    {
      "id": 1,
      "x": 152.44,
      "y": 105.49,
      "demand_tons": 0.1231
    },
    {
      "id": 2,
      "x": 194.64,
      "y": 167.36,
      "demand_tons": 0.1002
    },
    {
      "id": 3,
      "x": 48.11,
      "y": 67.76,
      "demand_tons": 0.1215
    },
    {
      "id": 4,
      "x": 87.0,
      "y": 3.25,
      "demand_tons": 0.0524
    },
    {
      "id": 5,
      "x": 190.57,
      "y": 125.92,
      "demand_tons": 0.0935
    },
    {
      "id": 6,
      "x": 9.98,
      "y": 132.16,
      "demand_tons": 0.1312
    },
    {
      "id": 7,
      "x": 197.42,
      "y": 146.68,
      "demand_tons": 0.1414
    },
    {
      "id": 8,
      "x": 77.37,
      "y": 69.75,
      "demand_tons": 0.0899
    },
    {
      "id": 9,
      "x": 100.7,
      "y": 184.06,
      "demand_tons": 0.0704
    },
    {
      "id": 10,
      "x": 67.19,
      "y": 134.44,
      "demand_tons": 0.0585
    },
    {
      "id": 11,
      "x": 101.74,
      "y": 77.07,
      "demand_tons": 0.1095
    },
    {
      "id": 12,
      "x": 55.44,
      "y": 76.9,
      "demand_tons": 0.1108
    },
    {
      "id": 13,
      "x": 144.18,
      "y": 130.65,
      "demand_tons": 0.1326
    },
    {
      "id": 14,
      "x": 87.93,
      "y": 170.38,
      "demand_tons": 0.1341
    },
    {
      "id": 15,
      "x": 153.48,
      "y": 49.69,
      "demand_tons": 0.0913
    },
    {
      "id": 16,
      "x": 182.11,
      "y": 89.31,
      "demand_tons": 0.1263
    },
    {
      "id": 17,
      "x": 36.45,
      "y": 197.49,
      "demand_tons": 0.1392
    },
    {
      "id": 18,
      "x": 113.68,
      "y": 173.58,
      "demand_tons": 0.0754
    },
    {
      "id": 19,
      "x": 101.99,
      "y": 7.64,
      "demand_tons": 0.1058
    },
    {
      "id": 20,
      "x": 34.0,
      "y": 65.61,
      "demand_tons": 0.0753
    },
    {
      "id": 21,
      "x": 129.93,
      "y": 190.2,
      "demand_tons": 0.1299
    }
  ],
  "stations": [
    {
      "id": 22,
      "x": 25.98,
      "y": 112.47
    },
    {
      "id": 23,
      "x": 167.48,
      "y": 116.02
    }
  ],
  "distance_matrix_miles": [
    [
      0.0,
      52.7266,
      116.1641,
      61.09,
      97.6195,
      94.206,
      95.5922,
      108.0263,
      37.778,
      84.0629,
      47.5669,
      22.9959,
      50.1917,
      53.7708,
      71.4075,
      73.4248,
      82.8029,
      116.374,
      74.8409,
      92.3814,
      74.4223,
      95.036,
      75.063,
      69.3555
    ],
    [
      52.7266,
      0.0,
      74.8915,
      110.9428,
      121.3895,
      43.2583,
      144.935,
      60.9903,
      83.1436,
      94.0759,
      90.0315,
      58.1222,
      101.1256,
      26.4812,
      91.5,
      55.8097,
      33.795,
      148.0462,
      78.3491,
      110.0901,
      124.9738,
      87.6498,
      126.6525,
      18.3598
    ],
    [
      116.1641,
      74.8915,
      0.0,
      177.1756,
      196.2612,
      41.6394,
      187.985,
      20.866,
      152.5777,
      95.4129,
      131.6329,
      129.548,
      166.011,
      62.4006,
      106.7527,
      124.661,
      79.0494,
      161.0338,
      81.1986,
      184.647,
      190.1533,
      68.6225,
      177.3672,
      58.0815
    ],
    [
      61.09,
      110.9428,
      177.1756,
      0.0,
      75.3258,
      153.8747,
      74.8415,
      168.8841,
      29.3276,
      127.6378,
      69.3561,
      54.4321,
      11.7162,
      114.8242,
      110.075,
      106.9082,
      135.7218,
      130.2529,
      124.4881,
      80.7308,
      14.2729,
      147.2619,
      49.8871,
      128.7565
    ],
    [
      97.6195,
      121.3895,
      196.2612,
      75.3258,
      0.0,
      160.5449,
      150.1661,
      181.0103,
      67.1937,
      181.3283,
      132.6772,
      75.2772,
      80.1271,
      139.6435,
      167.1326,
      81.0942,
      128.2663,
      200.7099,
      172.4069,
      15.6196,
      81.8399,
      191.8158,
      125.1097,
      138.5428
    ],
    [
      94.206,
      43.2583,
      41.6394,
      153.8747,
      160.5449,
      0.0,
      180.6978,
      21.8609,
      126.3697,
      107.0368,
      123.6738,
      101.376,
      143.7466,
      46.6305,
      111.8555,
      84.7743,
      37.5748,
      169.9272,
      90.463,
      147.772,
      167.784,
      88.3693,
      165.1386,
      25.1229
    ],
    [
      95.5922,
      144.935,
      187.985,
      74.8415,
      150.1661,
      180.6978,
      0.0,
      188.0016,
      91.85,
      104.5166,
      57.2554,
      107.0271,
      71.5561,
      134.2085,
      86.8157,
      165.51,
      177.3834,
      70.4888,
      111.666,
      154.8259,
      70.7521,
      133.2541,
      25.3712,
      158.3248
    ],
    [
      108.0263,
      60.9903,
      20.866,
      168.8841,
      181.0103,
      21.8609,
      188.0016,
      0.0,
      142.5841,
      103.692,
      130.8039,
      118.3225,
      158.201,
      55.6009,
      112.0257,
      106.479,
      59.3777,
      168.7987,
      87.9545,
      168.6387,
      182.4238,
      80.305,
      174.8199,
      42.8537
    ],
    [
      37.778,
      83.1436,
      152.5777,
      29.3276,
      67.1937,
      126.3697,
      91.85,
      142.5841,
      0.0,
      116.6665,
      65.4861,
      25.4456,
      23.0662,
      90.4013,
      101.1826,
      78.7092,
      106.5507,
      134.1341,
      109.9958,
      66.8116,
      43.5671,
      131.4182,
      66.8276,
      101.2952
    ],
    [
      84.0629,
      94.0759,
      95.4129,
      127.6378,
      181.3283,
      107.0368,
      104.5166,
      103.692,
      116.6665,
      0.0,
      59.8754,
      106.9951,
      116.326,
      68.8704,
      18.714,
      144.3642,
      124.9206,
      65.6386,
      16.6826,
      176.4247,
      135.9386,
      29.8679,
      103.4805,
      95.3363
    ],
    [
      47.5669,
      90.0315,
      131.6329,
      69.3561,
      132.6772,
      123.6738,
      57.2554,
      130.8039,
      65.4861,
      59.8754,
      0.0,
      66.9703,
      58.7275,
      77.0832,
      41.495,
      120.9484,
      123.4639,
      70.1445,
      60.7722,
      131.4887,
      76.4143,
      83.9374,
      46.7006,
      101.9675
    ],
    [
      22.9959,
      58.1222,
      129.548,
      54.4321,
      75.2772,
      101.376,
      107.0271,
      118.3225,
      25.4456,
      106.9951,
      66.9703,
      0.0,
      46.3003,
      68.3518,
      94.3264,
      58.538,
      81.2967,
      136.9809,
      97.2458,
      69.4305,
      68.7025,
      116.5893,
      83.6226,
      76.4124
    ],
    [
      50.1917,
      101.1256,
      166.011,
      11.7162,
      80.1271,
      143.7466,
      71.5561,
      158.201,
      23.0662,
      116.326,
      58.7275,
      46.3003,
      0.0,
      103.749,
      98.9652,
      101.7459,
      127.2765,
      122.0761,
      112.8668,
      83.4497,
      24.2309,
      135.5937,
      46.1857,
      118.6732
    ],
    [
      53.7708,
      26.4812,
      62.4006,
      114.8242,
      139.6435,
      46.6305,
      134.2085,
      55.6009,
      90.4013,
      68.8704,
      77.0832,
      68.3518,
      103.749,
      0.0,
      68.8661,
      81.4924,
      56.1042,
      126.7807,
      52.6615,
      130.0441,
      127.9447,
      61.2312,
      119.5899,
      27.5123
    ],
    [
      71.4075,
      91.5,
      106.7527,
      110.075,
      167.1326,
      111.8555,
      86.8157,
      112.0257,
      101.1826,
      18.714,
      41.495,
      94.3264,
      98.9652,
      68.8661,
      0.0,
      137.3422,
      124.2667,
      58.182,
      25.9481,
      163.3462,
      117.8355,
      46.4417,
      84.8019,
      96.3494
    ],
    [
      73.4248,
      55.8097,
      124.661,
      106.9082,
      81.0942,
      84.7743,
      165.51,
      106.479,
      78.7092,
      144.3642,
      120.9484,
      58.538,
      101.7459,
      81.4924,
      137.3422,
      0.0,
      48.8817,
      188.5228,
      130.126,
      66.4787,
      120.536,
      142.4699,
      142.1182,
      67.7914
    ],
    [
      82.8029,
      33.795,
      79.0494,
      135.7218,
      128.2663,
      37.5748,
      177.3834,
      59.3777,
      106.5507,
      124.9206,
      123.4639,
      81.2967,
      127.2765,
      56.1042,
      124.2667,
      48.8817,
      0.0,
      181.438,
      108.5546,
      114.4081,
      149.9942,
      113.585,
      157.8384,
      30.4542
    ],
    [
      116.374,
      148.0462,
      161.0338,
      130.2529,
      200.7099,
      169.9272,
      70.4888,
      168.7987,
      134.1341,
      65.6386,
      70.1445,
      136.9809,
      122.0761,
      126.7807,
      58.182,
      188.5228,
      181.438,
      0.0,
      80.8465,
      200.8445,
      131.9028,
      93.7638,
      85.6623,
      154.2926
    ],
    [
      74.8409,
      78.3491,
      81.1986,
      124.4881,
      172.4069,
      90.463,
      111.666,
      87.9545,
      109.9958,
      16.6826,
      60.7722,
      97.2458,
      112.8668,
      52.6615,
      25.9481,
      130.126,
      108.5546,
      80.8465,
      0.0,
      166.3513,
      134.188,
      23.2441,
      106.8912,
      78.7883
    ],
    [
      92.3814,
      110.0901,
      184.647,
      80.7308,
      15.6196,
      147.772,
      154.8259,
      168.6387,
      66.8116,
      176.4247,
      131.4887,
      69.4305,
      83.4497,
      130.0441,
      163.3462,
      66.4787,
      114.4081,
      200.8445,
      166.3513,
      0.0,
      89.3485,
      184.6857,
      129.4869,
      126.63
    ],
    [
      74.4223,
      124.9738,
      190.1533,
      14.2729,
      81.8399,
      167.784,
      70.7521,
      182.4238,
      43.5671,
      135.9386,
      76.4143,
      68.7025,
      24.2309,
      127.9447,
      117.8355,
      120.536,
      149.9942,
      131.9028,
      134.188,
      89.3485,
      0.0,
      157.2426,
      47.5414,
      142.6817
    ],
    [
      95.036,
      87.6498,
      68.6225,
      147.2619,
      191.8158,
      88.3693,
      133.2541,
      80.305,
      131.4182,
      29.8679,
      83.9374,
      116.5893,
      135.5937,
      61.2312,
      46.4417,
      142.4699,
      113.585,
      93.7638,
      23.2441,
      184.6857,
      157.2426,
      0.0,
      129.7981,
      83.1425
    ],
    [
      75.063,
      126.6525,
      177.3672,
      49.8871,
      125.1097,
      165.1386,
      25.3712,
      174.8199,
      66.8276,
      103.4805,
      46.7006,
      83.6226,
      46.1857,
      119.5899,
      84.8019,
      142.1182,
      157.8384,
      85.6623,
      106.8912,
      129.4869,
      47.5414,
      129.7981,
      0.0,
      141.5445
    ],
    [
      69.3555,
      18.3598,
      58.0815,
      128.7565,
      138.5428,
      25.1229,
      158.3248,
      42.8537,
      101.2952,
      95.3363,
      101.9675,
      76.4124,
      118.6732,
      27.5123,
      96.3494,
      67.7914,
      30.4542,
      154.2926,
      78.7883,
      126.63,
      142.6817,
      83.1425,
      141.5445,
      0.0
    ]
  ],
  "speed_matrix_kmh": [
    [
      0,
      40,
      40,
      60,
      60,
      40,
      30,
      40,
      40,
      30,
      30,
      80,
      40,
      40,
      60,
      80,
      80,
      30,
      60,
      30,
      80,
      80,
      60,
      80
    ],
    [
      60,
      0,
      80,
      80,
      60,
      80,
      30,
      40,
      80,
      60,
      30,
      60,
      60,
      40,
      60,
      80,
      80,
      30,
      60,
      80,
      80,
      60,
      30,
      30
    ],
    [
      30,
      40,
      0,
      30,
      80,
      40,
      30,
      30,
      30,
      30,
      60,
      40,
      80,
      30,
      80,
      40,
      40,
      80,
      80,
      60,
      40,
      80,
      40,
      40
    ],
    [
      40,
      80,
      80,
      0,
      80,
      30,
      30,
      80,
      40,
      60,
      60,
      30,
      60,
      60,
      80,
      40,
      80,
      40,
      30,
      40,
      60,
      80,
      80,
      80
    ],
    [
      30,
      60,
      60,
      30,
      0,
      30,
      60,
      80,
      80,
      80,
      60,
      40,
      40,
      80,
      60,
      80,
      30,
      60,
      30,
      40,
      80,
      30,
      30,
      60
    ],
    [
      80,
      40,
      60,
      60,
      40,
      0,
      80,
      80,
      60,
      30,
      30,
      80,
      80,
      80,
      60,
      80,
      40,
      80,
      80,
      30,
      40,
      60,
      80,
      60
    ],
    [
      80,
      60,
      60,
      40,
      60,
      80,
      0,
      40,
      30,
      60,
      40,
      30,
      80,
      80,
      30,
      80,
      40,
      40,
      30,
      30,
      30,
      60,
      60,
      40
    ],
    [
      30,
      40,
      40,
      30,
      80,
      30,
      60,
      0,
      60,
      80,
      40,
      60,
      30,
      40,
      30,
      40,
      60,
      40,
      80,
      40,
      60,
      40,
      30,
      60
    ],
    [
      80,
      40,
      60,
      60,
      30,
      40,
      60,
      40,
      0,
      40,
      80,
      40,
      40,
      30,
      30,
      80,
      60,
      30,
      30,
      40,
      80,
      30,
      80,
      40
    ],
    [
      40,
      80,
      80,
      40,
      60,
      80,
      40,
      30,
      40,
      0,
      80,
      40,
      30,
      40,
      30,
      30,
      80,
      40,
      80,
      40,
      60,
      30,
      80,
      60
    ],
    [
      40,
      80,
      80,
      80,
      60,
      60,
      30,
      80,
      30,
      30,
      0,
      80,
      60,
      30,
      80,
      40,
      80,
      40,
      30,
      60,
      30,
      80,
      30,
      60
    ],
    [
      60,
      80,
      80,
      30,
      60,
      60,
      40,
      30,
      30,
      80,
      30,
      0,
      60,
      30,
      80,
      60,
      80,
      80,
      60,
      30,
      40,
      30,
      80,
      40
    ],
    [
      40,
      30,
      80,
      80,
      60,
      40,
      80,
      30,
      80,
      30,
      60,
      30,
      0,
      60,
      40,
      40,
      60,
      40,
      60,
      80,
      60,
      40,
      30,
      40
    ],
    [
      40,
      30,
      60,
      40,
      60,
      30,
      60,
      60,
      80,
      40,
      60,
      30,
      60,
      0,
      40,
      80,
      60,
      30,
      60,
      40,
      40,
      80,
      30,
      40
    ],
    [
      80,
      40,
      60,
      80,
      30,
      40,
      30,
      40,
      40,
      60,
      30,
      60,
      80,
      60,
      0,
      40,
      60,
      80,
      60,
      40,
      40,
      40,
      60,
      30
    ],
    [
      60,
      30,
      60,
      60,
      40,
      60,
      40,
      80,
      80,
      60,
      30,
      40,
      40,
      40,
      80,
      0,
      40,
      30,
      40,
      30,
      60,
      40,
      30,
      40
    ],
    [
      80,
      40,
      60,
      60,
      60,
      30,
      40,
      80,
      80,
      30,
      60,
      80,
      80,
      40,
      60,
      40,
      0,
      30,
      40,
      60,
      40,
      60,
      30,
      40
    ],
    [
      30,
      80,
      60,
      60,
      60,
      80,
      80,
      40,
      40,
      60,
      30,
      60,
      30,
      40,
      40,
      40,
      60,
      0,
      30,
      40,
      80,
      40,
      60,
      30
    ],
    [
      40,
      30,
      40,
      60,
      60,
      30,
      60,
      40,
      40,
      40,
      30,
      80,
      60,
      80,
      40,
      30,
      80,
      80,
      0,
      30,
      60,
      80,
      60,
      30
    ],
    [
      80,
      40,
      60,
      60,
      30,
      80,
      60,
      60,
      30,
      30,
      30,
      80,
      30,
      80,
      60,
      80,
      30,
      40,
      40,
      0,
      60,
      40,
      40,
      40
    ],
    [
      80,
      60,
      60,
      40,
      40,
      80,
      60,
      30,
      60,
      40,
      80,
      30,
      40,
      60,
      30,
      60,
      60,
      40,
      60,
      30,
      0,
      80,
      80,
      80
    ],
    [
      30,
      80,
      40,
      40,
      80,
      60,
      40,
      30,
      80,
      60,
      40,
      60,
      60,
      60,
      60,
      30,
      40,
      40,
      60,
      30,
      60,
      0,
      40,
      40
    ],
    [
      40,
      80,
      30,
      40,
      30,
      30,
      60,
      80,
      60,
      30,
      30,
      60,
      40,
      60,
      80,
      30,
      80,
      60,
      80,
      40,
      80,
      40,
      0,
      40
    ],
    [
      60,
      40,
      80,
      30,
      40,
      40,
      80,
      40,
      40,
      60,
      30,
      80,
      30,
      80,
      60,
      40,
      40,
      30,
      40,
      30,
      40,
      40,
      40,
      0
    ]
  ]
}