{
  "name": "C22R2",
  "n_customers": 22,
  "n_stations": 2,
  "total_nodes": 25,
  "parameters": {
    "vehicle_capacity_tons": 3.0,
    "battery_capacity_kwh": 110.0,
    "curb_weight_kg": 2500,
    "alpha": 0.0981,
    "beta": 2.11,
    "eff_motor": 1.25,
    "eff_battery_discharge": 1.11,
    "eff_recharge": 1.25,
    "emission_rate_kg_per_kwh": 0.69,
    "max_vehicles": 3,
    "grid_size_miles": 200,
    "miles_to_meters": 1609.34
  },
  "depot": {
    "id": 0,
    "x": 100.0,
    "y": 100.0
  },
  "customers": [
    {
      "id": 1,
      "x": 9.22,
      "y": 122.96,
      "demand_tons": 0.1295
    },
    {
      "id": 2,
      "x": 138.33,
      "y": 189.36,
      "demand_tons": 0.1241
    },
    {
      "id": 3,
      "x": 104.67,
      "y": 189.24,
      "demand_tons": 0.1496
    },
    {
      "id": 4,
      "x": 130.24,
      "y": 70.66,
      "demand_tons": 0.0921
    },
    {
      "id": 5,
      "x": 71.55,
      "y": 160.12,
      "demand_tons": 0.1279
    },
    {
      "id": 6,
      "x": 147.78,
      "y": 99.5,
      "demand_tons": 0.099
    },
    {
      "id": 7,
      "x": 27.21,
      "y": 181.88,
      "demand_tons": 0.0751
    },
    {
      "id": 8,
      "x": 74.27,
      "y": 36.6,
      "demand_tons": 0.0764
    },
    {
      "id": 9,
      "x": 34.14,
      "y": 145.39,
      "demand_tons": 0.12
    },
    {
      "id": 10,
      "x": 36.79,
      "y": 195.6,
      "demand_tons": 0.0609
    },
    {
      "id": 11,
      "x": 139.29,
      "y": 87.39,
      "demand_tons": 0.1207
    },
    {
      "id": 12,
      "x": 86.1,
      "y": 199.26,
      "demand_tons": 0.0747
    },
    {
      "id": 13,
      "x": 64.53,
      "y": 161.91,
      "demand_tons": 0.071
    },
    {
      "id": 14,
      "x": 122.53,
      "y": 42.44,
      "demand_tons": 0.0511
    },
    {
      "id": 15,
      "x": 164.52,
      "y": 130.11,
      "demand_tons": 0.0969
    },
    {
      "id": 16,
      "x": 148.25,
      "y": 122.19,
      "demand_tons": 0.1247
    },
    {
      "id": 17,
      "x": 104.67,
      "y": 192.7,
      "demand_tons": 0.1073
    },
    {
      "id": 18,
      "x": 113.05,
      "y": 114.35,
      "demand_tons": 0.0715
    },
    {
      "id": 19,
      "x": 172.11,
      "y": 37.74,
      "demand_tons": 0.0996
    },
    {
      "id": 20,
      "x": 44.27,
      "y": 1.62,
      "demand_tons": 0.149
    },
    {
      "id": 21,
      "x": 79.55,
      "y": 151.15,
      "demand_tons": 0.1145
    },
    {
      "id": 22,
      "x": 118.32,
      "y": 170.2,
      "demand_tons": 0.094
    }
  ],
  "stations": [
    {
      "id": 23,
      "x": 106.2,
      "y": 151.2
    },
    {
      "id": 24,
      "x": 8.27,
      "y": 186.07
    }
  ],
  "distance_matrix_miles": [
    [
      0.0,
      93.6385,
      97.2337,
      89.3621,
      42.1342,
      66.5118,
      47.7826,
      109.5569,
      68.4222,
      79.9862,
      114.6074,
      41.264,
      100.2285,
      71.351,
      61.8123,
      71.2,
      53.108,
      92.8176,
      19.3965,
      95.2689,
      113.0684,
      55.0865,
      72.5511,
      51.574,
      125.7873
    ],
    [
      93.6385,
      0.0,
      145.1839,
      116.2056,
      131.8375,
      72.5665,
      140.532,
      61.6052,
      108.1182,
      33.5278,
      77.696,
      134.8459,
      108.3154,
      67.6483,
      139.0059,
      155.4645,
      139.0321,
      118.2132,
      104.1864,
      183.8358,
      126.3008,
      75.7693,
      118.8883,
      101.008,
      63.1171
    ],
    [
      97.2337,
      145.1839,
      0.0,
      33.6602,
      118.9754,
      72.9009,
      90.3555,
      111.3715,
      165.6481,
      113.0881,
      101.7316,
      101.9745,
      53.16,
      78.7397,
      147.7671,
      64.7802,
      67.8986,
      33.8253,
      79.1554,
      155.3374,
      209.9847,
      70.1077,
      27.7039,
      49.8851,
      130.1016
    ],
    [
      89.3621,
      116.2056,
      33.6602,
      0.0,
      121.3056,
      44.1011,
      99.5577,
      77.8089,
      155.6378,
      83.05,
      68.1773,
      107.5731,
      21.1008,
      48.5608,
      147.8825,
      84.1331,
      79.9682,
      3.46,
      75.3574,
      165.8325,
      197.1026,
      45.6274,
      23.4274,
      38.0708,
      96.4521
    ],
    [
      42.1342,
      131.8375,
      118.9754,
      121.3056,
      0.0,
      106.9935,
      33.755,
      151.6083,
      65.5189,
      121.7365,
      156.0221,
      19.0209,
      135.9643,
      112.4472,
      29.2543,
      68.6252,
      54.5866,
      124.69,
      46.9501,
      53.2618,
      110.2604,
      95.1216,
      100.2512,
      84.0513,
      167.9171
    ],
    [
      66.5118,
      72.5665,
      72.9009,
      44.1011,
      106.9935,
      0.0,
      97.3951,
      49.3916,
      123.5499,
      40.2055,
      49.6698,
      99.3899,
      41.7569,
      7.2446,
      128.248,
      97.6935,
      85.5662,
      46.4585,
      61.783,
      158.3956,
      160.8305,
      12.0192,
      47.8439,
      35.7797,
      68.3942
    ],
    [
      47.7826,
      140.532,
      90.3555,
      99.5577,
      33.755,
      97.3951,
      0.0,
      146.026,
      96.7478,
      122.5559,
      146.8128,
      14.7896,
      117.288,
      104.046,
      62.3972,
      34.8884,
      22.6949,
      102.6874,
      37.7716,
      66.3796,
      142.4599,
      85.5749,
      76.5923,
      66.346,
      164.1871
    ],
    [
      109.5569,
      61.6052,
      111.3715,
      77.8089,
      151.6083,
      49.3916,
      146.026,
      0.0,
      152.7119,
      37.1422,
      16.7336,
      146.5957,
      61.4011,
      42.3271,
      168.9065,
      146.7453,
      134.9577,
      78.212,
      109.2191,
      204.3829,
      181.0655,
      60.6944,
      91.8556,
      84.7389,
      19.3979
    ],
    [
      68.4222,
      108.1182,
      165.6481,
      155.6378,
      65.5189,
      123.5499,
      96.7478,
      152.7119,
      0.0,
      115.9555,
      163.3577,
      82.5059,
      163.0896,
      125.688,
      48.6121,
      129.9584,
      113.1313,
      159.0326,
      86.8847,
      97.8466,
      46.0825,
      114.6716,
      140.6747,
      118.9651,
      163.393
    ],
    [
      79.9862,
      33.5278,
      113.0881,
      83.05,
      121.7365,
      40.2055,
      122.5559,
      37.1422,
      115.9555,
      0.0,
      50.2799,
      120.0855,
      74.8453,
      34.5899,
      135.689,
      131.2723,
      116.4445,
      84.9277,
      84.7955,
      174.9978,
      144.1264,
      45.7739,
      87.7599,
      72.2938,
      48.2091
    ],
    [
      114.6074,
      77.696,
      101.7316,
      68.1773,
      156.0221,
      49.6698,
      146.8128,
      16.7336,
      163.3577,
      50.2799,
      0.0,
      149.0492,
      49.4456,
      43.6408,
      175.5259,
      143.5406,
      133.463,
      67.9419,
      111.4323,
      207.9213,
      194.1242,
      61.6784,
      85.395,
      82.396,
      30.0701
    ],
    [
      41.264,
      134.8459,
      101.9745,
      107.5731,
      19.0209,
      99.3899,
      14.7896,
      146.5957,
      82.5059,
      120.0855,
      149.0492,
      0.0,
      123.8712,
      105.557,
      47.9729,
      49.614,
      35.935,
      110.8546,
      37.6215,
      59.517,
      128.0051,
      87.3739,
      85.4239,
      71.8795,
      164.0243
    ],
    [
      100.2285,
      108.3154,
      53.16,
      21.1008,
      135.9643,
      41.7569,
      117.288,
      61.4011,
      163.0896,
      74.8453,
      49.4456,
      123.8712,
      0.0,
      43.131,
      160.9958,
      104.5534,
      99.0071,
      19.6946,
      89.0843,
      182.993,
      202.0181,
      48.5538,
      43.3891,
      52.0939,
      78.9398
    ],
    [
      71.351,
      67.6483,
      78.7397,
      48.5608,
      112.4472,
      7.2446,
      104.046,
      42.3271,
      125.688,
      34.5899,
      43.6408,
      105.557,
      43.131,
      0.0,
      132.8047,
      104.9249,
      92.6645,
      50.589,
      67.9422,
      164.2913,
      161.5653,
      18.4764,
      54.4251,
      43.0243,
      61.2282
    ],
    [
      61.8123,
      139.0059,
      147.7671,
      147.8825,
      29.2543,
      128.248,
      62.3972,
      168.9065,
      48.6121,
      135.689,
      175.5259,
      47.9729,
      160.9958,
      132.8047,
      0.0,
      97.2069,
      83.7949,
      151.3177,
      72.5322,
      49.8023,
      88.2661,
      116.898,
      127.8293,
      109.9791,
      183.5345
    ],
    [
      71.2,
      155.4645,
      64.7802,
      84.1331,
      68.6252,
      97.6935,
      34.8884,
      146.7453,
      129.9584,
      131.2723,
      143.5406,
      49.614,
      104.5534,
      104.9249,
      97.2069,
      0.0,
      18.0953,
      86.5998,
      53.8288,
      92.6813,
      175.9822,
      87.5362,
      61.169,
      62.0162,
      165.9686
    ],
    [
      53.108,
      139.0321,
      67.8986,
      79.9682,
      54.5866,
      85.5662,
      22.6949,
      134.9577,
      113.1313,
      116.4445,
      133.463,
      35.935,
      99.0071,
      92.6645,
      83.7949,
      18.0953,
      0.0,
      82.8908,
      36.0625,
      87.7559,
      159.2136,
      74.5545,
      56.5753,
      51.086,
      153.867
    ],
    [
      92.8176,
      118.2132,
      33.8253,
      3.46,
      124.69,
      46.4585,
      102.6874,
      78.212,
      159.0326,
      84.9277,
      67.9419,
      110.8546,
      19.6946,
      50.589,
      151.3177,
      86.5998,
      82.8908,
      0.0,
      78.7969,
      168.9993,
      200.3989,
      48.5532,
      26.3168,
      41.5282,
      96.6277
    ],
    [
      19.3965,
      104.1864,
      79.1554,
      75.3574,
      46.9501,
      61.783,
      37.7716,
      109.2191,
      86.8847,
      84.7955,
      111.4323,
      37.6215,
      89.0843,
      67.9422,
      72.5322,
      53.8288,
      36.0625,
      78.7969,
      0.0,
      96.7325,
      132.0558,
      49.7643,
      56.0981,
      37.4813,
      126.9748
    ],
    [
      95.2689,
      183.8358,
      155.3374,
      165.8325,
      53.2618,
      158.3956,
      66.3796,
      204.3829,
      97.8466,
      174.9978,
      207.9213,
      59.517,
      182.993,
      164.2913,
      49.8023,
      92.6813,
      87.7559,
      168.9993,
      96.7325,
      0.0,
      132.8447,
      146.3871,
      142.9651,
      131.2147,
      221.0098
    ],
    [
      113.0684,
      126.3008,
      209.9847,
      197.1026,
      110.2604,
      160.8305,
      142.4599,
      181.0655,
      46.0825,
      144.1264,
      194.1242,
      128.0051,
      202.0181,
      161.5653,
      88.2661,
      175.9822,
      159.2136,
      200.3989,
      132.0558,
      132.8447,
      0.0,
      153.6356,
      184.1266,
      161.8935,
      187.9303
    ],
    [
      55.0865,
      75.7693,
      70.1077,
      45.6274,
      95.1216,
      12.0192,
      85.5749,
      60.6944,
      114.6716,
      45.7739,
      61.6784,
      87.3739,
      48.5538,
      18.4764,
      116.898,
      87.5362,
      74.5545,
      48.5532,
      49.7643,
      146.3871,
      153.6356,
      0.0,
      43.1974,
      26.65,
      79.3741
    ],
    [
      72.5511,
      118.8883,
      27.7039,
      23.4274,
      100.2512,
      47.8439,
      76.5923,
      91.8556,
      140.6747,
      87.7599,
      85.395,
      85.4239,
      43.3891,
      54.4251,
      127.8293,
      61.169,
      56.5753,
      26.3168,
      56.0981,
      142.9651,
      184.1266,
      43.1974,
      0.0,
      22.5365,
      111.1884
    ],
    [
      51.574,
      101.008,
      49.8851,
      38.0708,
      84.0513,
      35.7797,
      66.346,
      84.7389,
      118.9651,
      72.2938,
      82.396,
      71.8795,
      52.0939,
      43.0243,
      109.9791,
      62.0162,
      51.086,
      41.5282,
      37.4813,
      131.2147,
      161.8935,
      26.65,
      22.5365,
      0.0,
      103.9529
    ],
    [
      125.7873,
      63.1171,
      130.1016,
      96.4521,
      167.9171,
      68.3942,
      164.1871,
      19.3979,
      163.393,
      48.2091,
      30.0701,
      164.0243,
      78.9398,
      61.2282,
      183.5345,
      165.9686,
      153.867,
      96.6277,
      126.9748,
      221.0098,
      187.9303,
      79.3741,
      111.1884,
      103.9529,
      0.0
    ]
  ],
  "speed_matrix_kmh": [
    [
      0,
      30,
      60,
      40,
      30,
      60,
      30,
      30,
      30,
      60,
      30,
      60,
      60,
      80,
      60,
      60,
      80,
      80,
      40,
      40,
      30,
      40,
      80,
      80,
      60
    ],
    [
      40,
      0,
      80,
      60,
      60,
      60,
      40,
      30,
      60,
      30,
      80,
      30,
      60,
      60,
      40,
      60,
      30,
      80,
      60,
      30,
      40,
      80,
      80,
      80,
      40
    ],
    [
      40,
      60,
      0,
      80,
      80,
      80,
      60,
      40,
      40,
      30,
      60,
      80,
      60,
      30,
      40,
      30,
      60,
      60,
      80,
      80,
      40,
      40,
      60,
      30,
      80
    ],
    [
      30,
      60,
      40,
      0,
      40,
      30,
      40,
      40,
      40,
      30,
      80,
      40,
      30,
      30,
      30,
      80,
      80,
      80,
      30,
      80,
      80,
      80,
      30,
      60,
      30
    ],
    [
      40,
      80,
      80,
      80,
      0,
      30,
      80,
      80,
      40,
      80,
      40,
      40,
      60,
      60,
      80,
      40,
      40,
      80,
      30,
      60,
      60,
      30,
      40,
      40,
      80
    ],
    [
      80,
      40,
      80,
      40,
      60,
      0,
      30,
      30,
      80,
      30,
      40,
      30,
      30,
      80,
      60,
      80,
      40,
      60,
      60,
      40,
      30,
      80,
      80,
      30,
      30
    ],
    [
      30,
      80,
      40,
      30,
      30,
      60,
      0,
      60,
      30,
      30,
      40,
      80,
      40,
      40,
      30,
      60,
      60,
      60,
      60,
      30,
      60,
      40,
      40,
      30,
      30
    ],
    [
      40,
      80,
      40,
      40,
      80,
      30,
      40,
      0,
      60,
      30,
      40,
      80,
      30,
      60,
      60,
      30,
      60,
      80,
      60,
      60,
      40,
      60,
      80,
      80,
      30
    ],
    [
      80,
      60,
      60,
      60,
      30,
      60,
      80,
      80,
      0,
      80,
      30,
      40,
      60,
      40,
      60,
      60,
      60,
      80,
      80,
      60,
      60,
      60,
      60,
      60,
      30
    ],
    [
      30,
      40,
      80,
      60,
      40,
      30,
      80,
      30,
      40,
      0,
      80,
      60,
      30,
      30,
      80,
      60,
      40,
      60,
      80,
      80,
      60,
      60,
      60,
      40,
      40
    ],
    [
      30,
      40,
      40,
      60,
      60,
      60,
      60,
      80,
      40,
      80,
      0,
      30,
      80,
      40,
      40,
      30,
      40,
      60,
      30,
      80,
      60,
      40,
      30,
      60,
      60
    ],
    [
      60,
      80,
      80,
      40,
      80,
      40,
      40,
      80,
      80,
      80,
      30,
      0,
      60,
      80,
      80,
      40,
      60,
      40,
      30,
      60,
      80,
      40,
      30,
      40,
      30
    ],
    [
      30,
      60,
      60,
      40,
      30,
      30,
      40,
      60,
      60,
      40,
      80,
      40,
      0,
      40,
      60,
      80,
      30,
      40,
      30,
      80,
      40,
      60,
      80,
      40,
      60
    ],
    [
      30,
      60,
      60,
      80,
      40,
      60,
      40,
      80,
      60,
      30,
      60,
      30,
      80,
      0,
      60,
      60,
      60,
      80,
      40,
      60,
      30,
      40,
      80,
      40,
      40
    ],
    [
      30,
      30,
      40,
      60,
      80,
      30,
      30,
      40,
      30,
      60,
      80,
      80,
      40,
      40,
      0,
      40,
      40,
      80,
      40,
      40,
      60,
      40,
      30,
      60,
      40
    ],
    [
      30,
      60,
      40,
      60,
      80,
      30,
      30,
      30,
      30,
      30,
      60,
      60,
      40,
      30,
      40,
      0,
      30,
      80,
      60,
      30,
      30,
      40,
      40,
      60,
      80
    ],
    [
      30,
      30,
      40,
      60,
      80,
      30,
      30,
      30,
      40,
      80,
      40,
      80,
      80,
      40,
      30,
      80,
      0,
      30,
      60,
      40,
      30,
      60,
      30,
      60,
      40
    ],
    [
      80,
      30,
      80,
      60,
      40,
      80,
      80,
      80,
      30,
      80,
      40,
      40,
      30,
      40,
      60,
      60,
      60,
      0,
      80,
      30,
      40,
      80,
      60,
      30,
      60
    ],
    [
      40,
      60,
      40,
      40,
      40,
      80,
      30,
      40,
      30,
      80,
      30,
      40,
      30,
      60,
      60,
      80,
      60,
      30,
      0,
      80,
      30,
      30,
      60,
      40,
      40
    ],
    [
      40,
      30,
      80,
      80,
      80,
      40,
      30,
      80,
      60,
      30,
      40,
      40,
      60,
      60,
      30,
      40,
      30,
      40,
      60,
      0,
      80,
      60,
      80,
      30,
      60
    ],
    [
      80,
      40,
      80,
      80,
      80,
      30,
      40,
      30,
      40,
      40,
      80,
      80,
      80,
      60,
      60,
      80,
      60,
      60,
      30,
      80,
      0,
      40,
      30,
      60,
      80
    ],
    [
      60,
      80,
      60,
      60,
      60,
      80,
      30,
      60,
      80,
      80,
      40,
      30,
      30,
      80,
      30,
      40,
      60,
      40,
      30,
      30,
      40,
      0,
      40,
      60,
      40
    ],
    [
      60,
      60,
      80,
      60,
      80,
      60,
      40,
      30,
      80,
      30,
      30,
      40,
      80,
      80,
      60,
      60,
      40,
      40,
      80,
      30,
      30,
      60,
      0,
      80,
      30
    ],
    [
      40,
      80,
      30,
      60,
      60,
      80,
      30,
      40,
      60,
      30,
      80,
      40,
      30,
      60,
      40,
      30,
      40,
      40,
      40,
      60,
      30,
      30,
      30,
      0,
      80
    ],
    [
      40,
      80,
      30,
      30,
      60,
      80,
      60,
      30,
      80,
      80,
      30,
      40,
      30,
      30,
      80,
      40,
      40,
      80,
      30,
      40,
      30,
      60,
      60,
      80,
      0
    ]
  ]
}