{
  "name": "C23R2",
  "n_customers": 23,
  "n_stations": 2,
  "total_nodes": 26,
  "parameters": {
    "vehicle_capacity_tons": 3.0,
    "battery_capacity_kwh": 110.0,
    "curb_weight_kg": 2500,
    "alpha": 0.0981,
    "beta": 2.11,
    "eff_motor": 1.25,
    "eff_battery_discharge": 1.11,
    "eff_recharge": 1.25,
    "emission_rate_kg_per_kwh": 0.69,
    "max_vehicles": 3,
    "grid_size_miles": 200,
    "miles_to_meters": 1609.34
  },
  "depot": {
    "id": 0,
    "x": 100.0,
    "y": 100.0
  },
  "customers": [
    {
      "id": 1,
      "x": 92.95,
      "y": 19.77,
      "demand_tons": 0.0721
    },
    {
      "id": 2,
      "x": 126.42,
      "y": 0.25,
      "demand_tons": 0.0948
    },
    {
      "id": 3,
      "x": 90.6,
      "y": 109.16,
      "demand_tons": 0.1333
    },
    {
      "id": 4,
      "x": 142.36,
      "y": 0.97,
      "demand_tons": 0.0762
    },
    {
      "id": 5,
      "x": 74.13,
      "y": 66.32,
      "demand_tons": 0.0918
    },
    {
      "id": 6,
      "x": 155.78,
      "y": 189.2,
      "demand_tons": 0.1276
    },
    {
      "id": 7,
      "x": 34.59,
      "y": 163.61,
      "demand_tons": 0.1175
    },
    {
      "id": 8,
      "x": 115.91,
      "y": 91.09,
      "demand_tons": 0.1308
    },
    {
      "id": 9,
      "x": 15.86,
      "y": 148.66,
      "demand_tons": 0.0914
    },
    {
      "id": 10,
      "x": 37.45,
      "y": 102.87,
      "demand_tons": 0.1312
    },
    {
      "id": 11,
      "x": 145.31,
      "y": 19.82,
      "demand_tons": 0.1019
    },
    {
      "id": 12,
      "x": 139.4,
      "y": 128.37,
      "demand_tons": 0.0805
    },
    {
      "id": 13,
      "x": 64.21,
      "y": 195.47,
      "demand_tons": 0.0887
    },
    {
      "id": 14,
      "x": 120.57,
      "y": 140.83,
      "demand_tons": 0.0507
    },
    {
      "id": 15,
      "x": 116.83,
      "y": 52.94,
      "demand_tons": 0.0697
    },
    {
      "id": 16,
      "x": 185.34,
      "y": 53.74,
      "demand_tons": 0.0727
    },
    {
      "id": 17,
      "x": 199.3,
      "y": 89.82,
      "demand_tons": 0.0587
    },
    {
      "id": 18,
      "x": 117.56,
      "y": 62.48,
      "demand_tons": 0.0864
    },
    {
      "id": 19,
      "x": 98.45,
      "y": 1.31,
      "demand_tons": 0.1452
    },
    {
      "id": 20,
      "x": 121.14,
      "y": 199.87,
      "demand_tons": 0.0723
    },
    {
      "id": 21,
      "x": 83.12,
      "y": 34.62,
      "demand_tons": 0.0534
    },
    {
      "id": 22,
      "x": 136.87,
      "y": 68.49,
      "demand_tons": 0.0977
    },
    {
      "id": 23,
      "x": 104.87,
      "y": 131.35,
      "demand_tons": 0.0763
    }
  ],
  "stations": [
    {
      "id": 24,
      "x": 17.07,
      "y": 32.57
    },
    {
      "id": 25,
      "x": 65.75,
      "y": 142.89
    }
  ],
  "distance_matrix_miles": [
    [
      0.0,
      80.5392,
      103.1895,
      13.125,
      107.7094,
      42.4688,
      105.2048,
      91.2398,
      18.235,
      97.1974,
      62.6158,
      92.0968,
      48.5512,
      101.9581,
      45.7189,
      49.9789,
      97.0716,
      99.8205,
      41.4259,
      98.7022,
      102.0829,
      67.5239,
      48.5003,
      31.726,
      106.884,
      54.8873
    ],
    [
      80.5392,
      0.0,
      38.7462,
      89.4209,
      52.8658,
      50.2105,
      180.7045,
      155.2283,
      74.9247,
      150.1849,
      99.9293,
      52.36,
      118.1167,
      178.035,
      124.1708,
      40.8718,
      98.4372,
      127.3473,
      49.293,
      19.2619,
      182.2929,
      17.8087,
      65.5942,
      112.2149,
      76.952,
      126.0888
    ],
    [
      103.1895,
      38.7462,
      0.0,
      114.6493,
      15.9563,
      84.2585,
      191.2174,
      187.4013,
      91.446,
      185.065,
      135.818,
      27.1996,
      128.7758,
      204.8925,
      140.7017,
      53.5556,
      79.5786,
      115.4741,
      62.8576,
      27.9901,
      199.6898,
      55.2828,
      69.0355,
      132.8594,
      114.0263,
      155.0065
    ],
    [
      13.125,
      89.4209,
      114.6493,
      0.0,
      119.934,
      45.8969,
      103.2223,
      78.1148,
      31.0986,
      84.5359,
      53.5209,
      104.7608,
      52.4449,
      90.2544,
      43.6026,
      62.0379,
      109.759,
      110.4071,
      53.9061,
      108.1353,
      95.7131,
      74.9144,
      61.6033,
      26.3824,
      106.1729,
      41.8955
    ],
    [
      107.7094,
      52.8658,
      15.9563,
      119.934,
      0.0,
      94.4773,
      188.7078,
      195.1055,
      93.9213,
      194.4597,
      146.2522,
      19.0794,
      127.4344,
      209.6131,
      141.5472,
      57.9022,
      68.0585,
      105.5296,
      66.3213,
      43.9113,
      200.0287,
      68.13,
      67.7428,
      135.663,
      129.2136,
      161.2773
    ],
    [
      42.4688,
      50.2105,
      84.2585,
      45.8969,
      94.4773,
      0.0,
      147.5338,
      105.0179,
      48.5708,
      100.8725,
      51.7815,
      85.0226,
      90.0576,
      129.5304,
      87.7976,
      44.7472,
      111.9193,
      127.3569,
      43.5994,
      69.4101,
      141.5823,
      32.9501,
      62.7775,
      71.9295,
      66.2941,
      77.0272
    ],
    [
      105.2048,
      180.7045,
      191.2174,
      103.2223,
      188.7078,
      147.5338,
      0.0,
      123.8623,
      105.9018,
      145.6746,
      146.4748,
      169.7033,
      62.9968,
      91.7844,
      59.8281,
      141.7176,
      138.6478,
      108.4914,
      132.3583,
      196.4418,
      36.2461,
      170.8053,
      122.1822,
      77.0613,
      209.221,
      101.2424
    ],
    [
      91.2398,
      155.2283,
      187.4013,
      78.1148,
      195.1055,
      105.0179,
      123.8623,
      0.0,
      108.9591,
      23.9649,
      60.8073,
      181.4786,
      110.5757,
      43.5018,
      88.9466,
      137.8813,
      186.5395,
      180.4837,
      130.8102,
      174.4116,
      93.8386,
      137.8172,
      139.6747,
      77.3304,
      132.206,
      37.4201
    ],
    [
      18.235,
      74.9247,
      91.446,
      31.0986,
      93.9213,
      48.5708,
      105.9018,
      108.9591,
      0.0,
      115.431,
      79.3394,
      77.0959,
      44.0633,
      116.4821,
      49.9578,
      38.1611,
      78.8387,
      83.3997,
      28.6575,
      91.462,
      108.9057,
      65.2997,
      30.8234,
      41.7462,
      114.8649,
      72.1059
    ],
    [
      97.1974,
      150.1849,
      185.065,
      84.5359,
      194.4597,
      100.8725,
      145.6746,
      23.9649,
      115.431,
      0.0,
      50.6246,
      182.6391,
      125.1951,
      67.2971,
      105.0023,
      139.1304,
      194.2506,
      192.6457,
      133.3037,
      168.9175,
      117.0741,
      132.3972,
      145.1573,
      90.6775,
      116.0963,
      50.2226
    ],
    [
      62.6158,
      99.9293,
      135.818,
      53.5209,
      146.2522,
      51.7815,
      146.4748,
      60.8073,
      79.3394,
      50.6246,
      0.0,
      136.1289,
      105.0907,
      96.3891,
      91.3778,
      93.7773,
      155.8371,
      162.3753,
      89.716,
      118.4712,
      128.1133,
      82.1207,
      105.1966,
      73.1886,
      73.1945,
      49.0152
    ],
    [
      92.0968,
      52.36,
      27.1996,
      104.7608,
      19.0794,
      85.0226,
      169.7033,
      181.4786,
      77.0959,
      182.6391,
      136.1289,
      0.0,
      108.7108,
      193.4687,
      123.5131,
      43.6812,
      52.4687,
      88.402,
      50.8914,
      50.3833,
      181.6651,
      63.9268,
      49.3964,
      118.6353,
      128.8723,
      146.547
    ],
    [
      48.5512,
      118.1167,
      128.7758,
      52.4449,
      127.4344,
      90.0576,
      62.9968,
      110.5757,
      44.0633,
      125.1951,
      105.0907,
      108.7108,
      0.0,
      100.7767,
      22.5792,
      78.7343,
      87.6363,
      71.2328,
      69.4153,
      133.4959,
      73.7948,
      109.3458,
      59.9334,
      34.6584,
      155.3778,
      75.0677
    ],
    [
      101.9581,
      178.035,
      204.8925,
      90.2544,
      209.6131,
      129.5304,
      91.7844,
      43.5018,
      116.4821,
      67.2971,
      96.3891,
      193.4687,
      100.7767,
      0.0,
      78.4983,
      151.9331,
      186.44,
      171.497,
      143.2919,
      197.156,
      57.0998,
      161.9577,
      146.299,
      75.925,
      169.5836,
      52.6025
    ],
    [
      45.7189,
      124.1708,
      140.7017,
      43.6026,
      141.5472,
      87.7976,
      59.8281,
      88.9466,
      49.9578,
      105.0023,
      91.3778,
      123.5131,
      22.5792,
      78.4983,
      0.0,
      87.9695,
      108.5349,
      93.8106,
      78.4078,
      141.2626,
      59.0428,
      112.6191,
      74.1537,
      18.3401,
      149.7748,
      54.8587
    ],
    [
      49.9789,
      40.8718,
      53.5556,
      62.0379,
      57.9022,
      44.7472,
      141.7176,
      137.8813,
      38.1611,
      139.1304,
      93.7773,
      43.6812,
      78.7343,
      151.9331,
      87.9695,
      0.0,
      68.5147,
      90.3407,
      9.5679,
      54.804,
      146.9932,
      38.3665,
      25.3654,
      79.3169,
      101.8184,
      103.4416
    ],
    [
      97.0716,
      98.4372,
      79.5786,
      109.759,
      68.0585,
      111.9193,
      138.6478,
      186.5395,
      78.8387,
      194.2506,
      155.8371,
      52.4687,
      87.6363,
      186.44,
      108.5349,
      68.5147,
      0.0,
      38.6865,
      68.3412,
      101.4829,
      159.6108,
      103.9928,
      50.6646,
      111.7977,
      169.5965,
      149.1626
    ],
    [
      99.8205,
      127.3473,
      115.4741,
      110.4071,
      105.5296,
      127.3569,
      108.4914,
      180.4837,
      83.3997,
      192.6457,
      162.3753,
      88.402,
      71.2328,
      171.497,
      93.8106,
      90.3407,
      38.6865,
      0.0,
      86.1911,
      134.1818,
      134.9814,
      128.6267,
      65.9733,
      103.1589,
      191.0113,
      143.7081
    ],
    [
      41.4259,
      49.293,
      62.8576,
      53.9061,
      66.3213,
      43.5994,
      132.3583,
      130.8102,
      28.6575,
      133.3037,
      89.716,
      50.8914,
      69.4153,
      143.2919,
      78.4078,
      9.5679,
      68.3412,
      86.1911,
      0.0,
      64.0856,
      137.4366,
      44.2978,
      20.2237,
      70.0294,
      104.8468,
      95.6559
    ],
    [
      98.7022,
      19.2619,
      27.9901,
      108.1353,
      43.9113,
      69.4101,
      196.4418,
      174.4116,
      91.462,
      168.9175,
      118.4712,
      50.3833,
      133.4959,
      197.156,
      141.2626,
      54.804,
      101.4829,
      134.1818,
      64.0856,
      0.0,
      199.8522,
      36.6683,
      77.3902,
      130.1984,
      87.1774,
      145.3072
    ],
    [
      102.0829,
      182.2929,
      199.6898,
      95.7131,
      200.0287,
      141.5823,
      36.2461,
      93.8386,
      108.9057,
      117.0741,
      128.1133,
      181.6651,
      73.7948,
      57.0998,
      59.0428,
      146.9932,
      159.6108,
      134.9814,
      137.4366,
      199.8522,
      0.0,
      169.5673,
      132.3183,
      70.4252,
      197.0275,
      79.4655
    ],
    [
      67.5239,
      17.8087,
      55.2828,
      74.9144,
      68.13,
      32.9501,
      170.8053,
      137.8172,
      65.2997,
      132.3972,
      82.1207,
      63.9268,
      109.3458,
      161.9577,
      112.6191,
      38.3665,
      103.9928,
      128.6267,
      44.2978,
      36.6683,
      169.5673,
      0.0,
      63.5314,
      99.1451,
      66.0818,
      109.6545
    ],
    [
      48.5003,
      65.5942,
      69.0355,
      61.6033,
      67.7428,
      62.7775,
      122.1822,
      139.6747,
      30.8234,
      145.1573,
      105.1966,
      49.3964,
      59.9334,
      146.299,
      74.1537,
      25.3654,
      50.6646,
      65.9733,
      20.2237,
      77.3902,
      132.3183,
      63.5314,
      0.0,
      70.5364,
      125.0691,
      102.9243
    ],
    [
      31.726,
      112.2149,
      132.8594,
      26.3824,
      135.663,
      71.9295,
      77.0613,
      77.3304,
      41.7462,
      90.6775,
      73.1886,
      118.6353,
      34.6584,
      75.925,
      18.3401,
      79.3169,
      111.7977,
      103.1589,
      70.0294,
      130.1984,
      70.4252,
      99.1451,
      70.5364,
      0.0,
      132.1602,
      40.7866
    ],
    [
      106.884,
      76.952,
      114.0263,
      106.1729,
      129.2136,
      66.2941,
      209.221,
      132.206,
      114.8649,
      116.0963,
      73.1945,
      128.8723,
      155.3778,
      169.5836,
      149.7748,
      101.8184,
      169.5965,
      191.0113,
      104.8468,
      87.1774,
      197.0275,
      66.0818,
      125.0691,
      132.1602,
      0.0,
      120.5829
    ],
    [
      54.8873,
      126.0888,
      155.0065,
      41.8955,
      161.2773,
      77.0272,
      101.2424,
      37.4201,
      72.1059,
      50.2226,
      49.0152,
      146.547,
      75.0677,
      52.6025,
      54.8587,
      103.4416,
      149.1626,
      143.7081,
      95.6559,
      145.3072,
      79.4655,
      109.6545,
      102.9243,
      40.7866,
      120.5829,
      0.0
    ]
  ],
  "speed_matrix_kmh": [
    [
      0,
      30,
      40,
      60,
      30,
      40,
      60,
      40,
      40,
      60,
      30,
      80,
      80,
      80,
      80,
      60,
      40,
      40,
      40,
      30,
      80,
      40,
      30,
      30,
      60,
      80
    ],
    [
      30,
      0,
      80,
      60,
      60,
      80,
      60,
      40,
      60,
      30,
      60,
      80,
      30,
      60,
      40,
      30,
      60,
      80,
      40,
      80,
      80,
      80,
      60,
      60,
      80,
      60
    ],
    [
      30,
      30,
      0,
      60,
      60,
      40,
      60,
      80,
      80,
      60,
      60,
      60,
      60,
      60,
      40,
      60,
      30,
      60,
      80,
      40,
      60,
      60,
      80,
      60,
      80,
      60
    ],
    [
      80,
      30,
      60,
      0,
      60,
      60,
      30,
      80,
      40,
      60,
      30,
      60,
      30,
      60,
      30,
      40,
      80,
      40,
      60,
      30,
      40,
      80,
      80,
      40,
      80,
      80
    ],
    [
      30,
      40,
      40,
      60,
      0,
      60,
      60,
      60,
      40,
      30,
      60,
      80,
      60,
      80,
      80,
      40,
      40,
      60,
      60,
      60,
      30,
      30,
      80,
      40,
      80,
      40
    ],
    [
      40,
      40,
      30,
      40,
      60,
      0,
      40,
      80,
      80,
      80,
      30,
      30,
      60,
      30,
      80,
      30,
      30,
      60,
      30,
      60,
      30,
      40,
      60,
      60,
      80,
      80
    ],
    [
      30,
      30,
      80,
      30,
      40,
      40,
      0,
      30,
      40,
      60,
      80,
      30,
      30,
      30,
      30,
      80,
      80,
      40,
      40,
      30,
      30,
      40,
      80,
      60,
      60,
      80
    ],
    [
      40,
      30,
      30,
      40,
      30,
      30,
      30,
      0,
      60,
      60,
      60,
      40,
      40,
      40,
      40,
      30,
      60,
      80,
      80,
      80,
      80,
      40,
      60,
      60,
      60,
      80
    ],
    [
      80,
      80,
      30,
      30,
      80,
      40,
      80,
      30,
      0,
      60,
      80,
      40,
      60,
      30,
      60,
      80,
      40,
      40,
      30,
      30,
      80,
      30,
      40,
      60,
      30,
      30
    ],
    [
      30,
      30,
      30,
      80,
      60,
      60,
      80,
      40,
      30,
      0,
      80,
      40,
      40,
      40,
      40,
      80,
      60,
      80,
      60,
      30,
      40,
      60,
      30,
      80,
      40,
      60
    ],
    [
      30,
      40,
      30,
      80,
      80,
      30,
      30,
      40,
      30,
      30,
      0,
      80,
      80,
      80,
      80,
      60,
      40,
      80,
      60,
      60,
      60,
      30,
      40,
      30,
      60,
      60
    ],
    [
      60,
      30,
      40,
      30,
      80,
      80,
      40,
      80,
      80,
      40,
      80,
      0,
      60,
      60,
      80,
      30,
      60,
      40,
      60,
      30,
      40,
      40,
      80,
      40,
      80,
      30
    ],
    [
      80,
      60,
      30,
      60,
      60,
      80,
      30,
      60,
      80,
      60,
      30,
      60,
      0,
      30,
      40,
      40,
      30,
      30,
      30,
      30,
      80,
      60,
      80,
      60,
      40,
      40
    ],
    [
      60,
      60,
      80,
      30,
      60,
      40,
      60,
      30,
      80,
      40,
      60,
      40,
      60,
      0,
      80,
      80,
      80,
      40,
      60,
      40,
      40,
      60,
      80,
      30,
      30,
      30
    ],
    [
      80,
      40,
      60,
      30,
      30,
      60,
      80,
      80,
      40,
      40,
      40,
      30,
      30,
      40,
      0,
      60,
      60,
      80,
      40,
      30,
      60,
      80,
      80,
      80,
      80,
      40
    ],
    [
      60,
      60,
      80,
      30,
      80,
      40,
      30,
      40,
      60,
      40,
      80,
      60,
      30,
      30,
      80,
      0,
      30,
      60,
      80,
      30,
      60,
      40,
      60,
      60,
      60,
      40
    ],
    [
      30,
      30,
      60,
      60,
      30,
      80,
      60,
      30,
      40,
      80,
      80,
      80,
      60,
      40,
      30,
      30,
      0,
      30,
      30,
      30,
      80,
      40,
      60,
      30,
      60,
      60
    ],
    [
      80,
      80,
      60,
      40,
      30,
      40,
      60,
      80,
      60,
      30,
      30,
      30,
      80,
      30,
      60,
      80,
      80,
      0,
      40,
      30,
      80,
      30,
      60,
      30,
      40,
      30
    ],
    [
      80,
      60,
      30,
      40,
      60,
      30,
      40,
      80,
      60,
      60,
      30,
      40,
      40,
      60,
      80,
      40,
      80,
      40,
      0,
      40,
      80,
      30,
      30,
      40,
      80,
      60
    ],
    [
      60,
      40,
      60,
      60,
      60,
      80,
      80,
      60,
      30,
      80,
      30,
      30,
      40,
      30,
      40,
      80,
      40,
      40,
      80,
      0,
      80,
      30,
      40,
      30,
      40,
      80
    ],
    [
      60,
      30,
      60,
      30,
      60,
      30,
      30,
      40,
      60,
      60,
      30,
      30,
      30,
      80,
      60,
      30,
      80,
      60,
      80,
      80,
      0,
      60,
      60,
      80,
      30,
      40
    ],
    [
      40,
      40,
      60,
      40,
      60,
      60,
      30,
      60,
      80,
      30,
      80,
      60,
      40,
      60,
      60,
      80,
      60,
      60,
      60,
      60,
      80,
      0,
      30,
      60,
      30,
      40
    ],
    [
      60,
      40,
      30,
      60,
      40,
      60,
      30,
      60,
      80,
      30,
      40,
      60,
      80,
      40,
      40,
      60,
      30,
      40,
      80,
      80,
      60,
      80,
      0,
      40,
      30,
      40
    ],
    [
      40,
      60,
      60,
      60,
      60,
      60,
      40,
      30,
      40,
      40,
      40,
      60,
      40,
      60,
      60,
      80,
      80,
      40,
      80,
      80,
      60,
      40,
      40,
      0,
      60,
      80
    ],
    [
      60,
      30,
      80,
      80,
      80,
      40,
      30,
      30,
      80,
      60,
      40,
      40,
      40,
      60,
      80,
      80,
      60,
      60,
      30,
      40,
      60,
      80,
      40,
      80,
      0,
      60
    ],
    [
      40,
      30,
      60,
      60,
      40,
      80,
      80,
      80,
      30,
      60,
      60,
      30,
      60,
      80,
      80,
      40,
      80,
      60,
      40,
      40,
      40,
      30,
      40,
      40,
      80,
      0
    ]
  ]
}