{
  "name": "C24R2",
  "n_customers": 24,
  "n_stations": 2,
  "total_nodes": 27,
  "parameters": {
    "vehicle_capacity_tons": 3.0,
    "battery_capacity_kwh": 110.0,
    "curb_weight_kg": 2500,
    "alpha": 0.0981,
    "beta": 2.11,
    "eff_motor": 1.25,
    "eff_battery_discharge": 1.11,
    "eff_recharge": 1.25,
    "emission_rate_kg_per_kwh": 0.69,
    "max_vehicles": 3,
    "grid_size_miles": 200,
    "miles_to_meters": 1609.34
  },
  "depot": {
    "id": 0,
    "x": 100.0,
    "y": 100.0
  },
  "customers": [
    {
      "id": 1,
      "x": 133.07,
      "y": 97.78,
      "demand_tons": 0.0599
    },
    {
      "id": 2,
      "x": 88.03,
      "y": 41.47,
      "demand_tons": 0.08
    },
    {
      "id": 3,
      "x": 3.52,
      "y": 92.4,
      "demand_tons": 0.1384
    },
    {
      "id": 4,
      "x": 135.71,
      "y": 73.4,
      "demand_tons": 0.0654
    },
    {
      "id": 5,
      "x": 132.66,
      "y": 87.52,
      "demand_tons": 0.0588
    },
    {
      "id": 6,
      "x": 36.83,
      "y": 11.04,
      "demand_tons": 0.1249
    },
    {
      "id": 7,
      "x": 46.33,
      "y": 88.05,
      "demand_tons": 0.1336
    },
    {
      "id": 8,
      "x": 82.99,
      "y": 3.55,
      "demand_tons": 0.1494
    },
    {
      "id": 9,
      "x": 146.46,
      "y": 102.61,
      "demand_tons": 0.1283
    },
    {
      "id": 10,
      "x": 5.95,
      "y": 93.58,
      "demand_tons": 0.0761
    },
    {
      "id": 11,
      "x": 124.32,
      "y": 115.87,
      "demand_tons": 0.0639
    },
    {
      "id": 12,
      "x": 198.74,
      "y": 172.16,
      "demand_tons": 0.0523
    },
    {
      "id": 13,
      "x": 143.1,
      "y": 53.25,
      "demand_tons": 0.1158
    },
    {
      "id": 14,
      "x": 121.33,
      "y": 66.47,
      "demand_tons": 0.1118
    },
    {
      "id": 15,
      "x": 176.58,
      "y": 27.14,
      "demand_tons": 0.1115
    },
    {
      "id": 16,
      "x": 117.51,
      "y": 110.42,
      "demand_tons": 0.0566
    },
    {
      "id": 17,
      "x": 4.7,
      "y": 48.05,
      "demand_tons": 0.0905
    },
    {
      "id": 18,
      "x": 34.55,
      "y": 76.66,
      "demand_tons": 0.0912
    },
    {
      "id": 19,
      "x": 56.16,
      "y": 59.89,
      "demand_tons": 0.0984
    },
    {
      "id": 20,
      "x": 29.95,
      "y": 149.04,
      "demand_tons": 0.0972
    },
    {
      "id": 21,
      "x": 123.33,
      "y": 59.5,
      "demand_tons": 0.0758
    },
    {
      "id": 22,
      "x": 92.8,
      "y": 95.63,
      "demand_tons": 0.0885
    },
    {
      "id": 23,
      "x": 135.44,
      "y": 155.06,
      "demand_tons": 0.0558
    },
    {
      "id": 24,
      "x": 164.43,
      "y": 185.09,
      "demand_tons": 0.0971
    }
  ],
  "stations": [
    {
      "id": 25,
      "x": 51.04,
      "y": 1.79
    },
    {
      "id": 26,
      "x": 139.49,
      "y": 73.81
    }
  ],
  "distance_matrix_miles": [
    [
      0.0,
      33.1444,
      59.7415,
      96.7789,
      44.5282,
      34.9632,
      109.107,
      54.9843,
      97.9385,
      46.5333,
      94.2689,
      29.04,
      122.2974,
      63.5859,
      39.7395,
      105.7028,
      20.3759,
      108.5398,
      69.4871,
      59.4202,
      85.5098,
      46.7391,
      8.4224,
      65.4797,
      106.7311,
      109.7373,
      47.3854
    ],
    [
      33.1444,
      0.0,
      72.107,
      129.6617,
      24.5225,
      10.2682,
      129.5607,
      87.284,
      106.7113,
      14.2345,
      127.1894,
      20.095,
      99.2216,
      45.6456,
      33.4387,
      82.9646,
      20.047,
      137.666,
      100.7583,
      85.7368,
      115.1578,
      39.4997,
      40.3274,
      57.329,
      92.7711,
      126.2656,
      24.8149
    ],
    [
      59.7415,
      72.107,
      0.0,
      98.6702,
      57.3839,
      64.1283,
      59.5603,
      62.5187,
      38.2535,
      84.5705,
      97.2244,
      82.7788,
      171.2792,
      56.3158,
      41.64,
      89.702,
      74.9878,
      83.5894,
      64.0191,
      36.8102,
      122.2481,
      39.638,
      54.3696,
      123.0869,
      162.6766,
      54.2472,
      60.7783
    ],
    [
      96.7789,
      129.6617,
      98.6702,
      0.0,
      133.5485,
      129.2322,
      87.9148,
      43.0304,
      119.2049,
      143.3042,
      2.7014,
      123.0589,
      210.8851,
      144.9665,
      120.6299,
      184.9558,
      115.4055,
      44.3657,
      34.7938,
      61.8698,
      62.5031,
      124.2451,
      89.3384,
      146.0451,
      185.6972,
      102.3148,
      137.2349
    ],
    [
      44.5282,
      24.5225,
      57.3839,
      133.5485,
      0.0,
      14.4457,
      116.9018,
      90.5727,
      87.5124,
      31.1253,
      131.3198,
      43.9708,
      117.1594,
      21.4624,
      15.9627,
      61.728,
      41.2519,
      133.44,
      101.2125,
      80.689,
      130.0253,
      18.6138,
      48.3264,
      81.6604,
      115.3234,
      110.8918,
      3.8022
    ],
    [
      34.9632,
      10.2682,
      64.1283,
      129.2322,
      14.4457,
      0.0,
      122.6074,
      86.3316,
      97.5606,
      20.4487,
      126.8548,
      29.5513,
      107.3801,
      35.8249,
      23.9055,
      74.664,
      27.4578,
      133.9091,
      98.7092,
      81.3367,
      119.7249,
      29.5325,
      40.6767,
      67.5972,
      102.6121,
      118.37,
      15.3171
    ],
    [
      109.107,
      129.5607,
      59.5603,
      87.9148,
      116.9018,
      122.6074,
      0.0,
      77.5938,
      46.7637,
      142.8419,
      88.1273,
      136.5424,
      228.4174,
      114.346,
      101.0581,
      140.6743,
      128.0064,
      49.011,
      65.6596,
      52.5354,
      138.1714,
      99.1495,
      101.4303,
      174.5442,
      215.8128,
      16.9554,
      120.3293
    ],
    [
      54.9843,
      87.284,
      62.5187,
      43.0304,
      90.5727,
      86.3316,
      77.5938,
      0.0,
      92.1097,
      101.1831,
      40.7569,
      82.8033,
      174.0784,
      102.8371,
      78.0429,
      143.7884,
      74.6124,
      57.7326,
      16.386,
      29.8264,
      63.1513,
      82.1225,
      47.0842,
      111.4941,
      152.8541,
      86.3885,
      94.242
    ],
    [
      97.9385,
      106.7113,
      38.2535,
      119.2049,
      87.5124,
      97.5606,
      46.7637,
      92.1097,
      0.0,
      117.6492,
      118.4929,
      119.6827,
      204.5175,
      77.9955,
      73.6809,
      96.5172,
      112.3068,
      90.0532,
      87.7012,
      62.4023,
      154.8566,
      68.9762,
      92.6011,
      160.3318,
      198.9705,
      31.9984,
      90.1594
    ],
    [
      46.5333,
      14.2345,
      84.5705,
      143.3042,
      31.1253,
      20.4487,
      142.8419,
      101.1831,
      117.6492,
      0.0,
      140.7999,
      25.8071,
      87.0081,
      49.4742,
      44.0184,
      81.2584,
      29.985,
      151.897,
      114.8793,
      99.8954,
      125.4206,
      48.9231,
      54.1121,
      53.5952,
      84.4149,
      138.8152,
      29.6314
    ],
    [
      94.2689,
      127.1894,
      97.2244,
      2.7014,
      131.3198,
      126.8548,
      88.1273,
      40.7569,
      118.4929,
      140.7999,
      0.0,
      120.4504,
      208.1893,
      142.9567,
      118.5221,
      183.1089,
      112.8238,
      45.5472,
      33.2302,
      60.4654,
      60.4302,
      122.2273,
      86.8742,
      143.3438,
      183.0027,
      102.2669,
      134.9955
    ],
    [
      29.04,
      20.095,
      82.7788,
      123.0589,
      43.9708,
      29.5513,
      136.5424,
      82.8033,
      119.6827,
      25.8071,
      120.4504,
      0.0,
      93.3108,
      65.3755,
      49.4904,
      102.9763,
      8.7223,
      137.5082,
      97.9596,
      88.2017,
      100.0297,
      56.3787,
      37.4589,
      40.7371,
      80.0014,
      135.5884,
      44.7121
    ],
    [
      122.2974,
      99.2216,
      171.2792,
      210.8851,
      117.1594,
      107.3801,
      228.4174,
      174.0784,
      204.5175,
      87.0081,
      208.1893,
      93.3108,
      0.0,
      131.2837,
      131.0064,
      146.7033,
      102.0301,
      230.3363,
      189.9437,
      181.4762,
      170.3661,
      135.569,
      130.691,
      65.569,
      36.6655,
      225.48,
      114.8185
    ],
    [
      63.5859,
      45.6456,
      56.3158,
      144.9665,
      21.4624,
      35.8249,
      114.346,
      102.8371,
      77.9955,
      49.4742,
      142.9567,
      65.3755,
      131.2837,
      0.0,
      25.4696,
      42.4575,
      62.6359,
      138.4977,
      111.0456,
      87.1932,
      148.252,
      20.7344,
      65.7735,
      102.0978,
      133.5543,
      105.4665,
      20.8745
    ],
    [
      39.7395,
      33.4387,
      41.64,
      120.6299,
      15.9627,
      23.9055,
      101.0581,
      78.0429,
      73.6809,
      44.0184,
      118.5221,
      49.4904,
      131.0064,
      25.4696,
      0.0,
      67.819,
      44.1157,
      118.0756,
      87.3762,
      65.5013,
      123.1589,
      7.2513,
      40.7954,
      89.7066,
      126.2074,
      95.5206,
      19.5873
    ],
    [
      105.7028,
      82.9646,
      89.702,
      184.9558,
      61.728,
      74.664,
      140.6743,
      143.7884,
      96.5172,
      81.2584,
      183.1089,
      102.9763,
      146.7033,
      42.4575,
      67.819,
      0.0,
      102.102,
      173.1472,
      150.4153,
      124.794,
      190.6829,
      62.3116,
      108.2126,
      134.3727,
      158.4166,
      128.0739,
      59.6134
    ],
    [
      20.3759,
      20.047,
      74.9878,
      115.4055,
      41.2519,
      27.4578,
      128.0064,
      74.6124,
      112.3068,
      29.985,
      112.8238,
      8.7223,
      102.0301,
      62.6359,
      44.1157,
      102.102,
      0.0,
      128.9035,
      89.5662,
      79.4802,
      95.6988,
      51.2515,
      28.7981,
      48.1063,
      88.1878,
      127.3528,
      42.7014
    ],
    [
      108.5398,
      137.666,
      83.5894,
      44.3657,
      133.44,
      133.9091,
      49.011,
      57.7326,
      90.0532,
      151.897,
      45.5472,
      137.5082,
      230.3363,
      138.4977,
      118.0756,
      173.1472,
      128.9035,
      0.0,
      41.3468,
      52.8045,
      104.0987,
      119.1813,
      100.1273,
      168.95,
      210.4605,
      65.4781,
      137.2294
    ],
    [
      69.4871,
      100.7583,
      64.0191,
      34.7938,
      101.2125,
      98.7092,
      65.6596,
      16.386,
      87.7012,
      114.8793,
      33.2302,
      97.9596,
      189.9437,
      111.0456,
      87.3762,
      150.4153,
      89.5662,
      41.3468,
      0.0,
      27.3537,
      72.526,
      90.4232,
      61.2611,
      127.7707,
      169.1918,
      76.6644,
      104.9787
    ],
    [
      59.4202,
      85.7368,
      36.8102,
      61.8698,
      80.689,
      81.3367,
      52.5354,
      29.8264,
      62.4023,
      99.8954,
      60.4654,
      88.2017,
      181.4762,
      87.1932,
      65.5013,
      124.794,
      79.4802,
      52.8045,
      27.3537,
      0.0,
      92.923,
      67.1711,
      51.1843,
      123.8654,
      165.5217,
      58.3252,
      84.4846
    ],
    [
      85.5098,
      115.1578,
      122.2481,
      62.5031,
      130.0253,
      119.7249,
      138.1714,
      63.1513,
      154.8566,
      125.4206,
      60.4302,
      100.0297,
      170.3661,
      148.252,
      123.1589,
      190.6829,
      95.6988,
      104.0987,
      72.526,
      92.923,
      0.0,
      129.3725,
      82.4788,
      105.6616,
      139.2281,
      148.7526,
      132.8855
    ],
    [
      46.7391,
      39.4997,
      39.638,
      124.2451,
      18.6138,
      29.5325,
      99.1495,
      82.1225,
      68.9762,
      48.9231,
      122.2273,
      56.3787,
      135.569,
      20.7344,
      7.2513,
      62.3116,
      51.2515,
      119.1813,
      90.4232,
      67.1711,
      129.3725,
      0.0,
      47.3018,
      96.3243,
      132.1441,
      92.5002,
      21.5852
    ],
    [
      8.4224,
      40.3274,
      54.3696,
      89.3384,
      48.3264,
      40.6767,
      101.4303,
      47.0842,
      92.6011,
      54.1121,
      86.8742,
      37.4589,
      130.691,
      65.7735,
      40.7954,
      108.2126,
      28.7981,
      100.1273,
      61.2611,
      51.1843,
      82.4788,
      47.3018,
      0.0,
      73.1443,
      114.6034,
      102.7124,
      51.5371
    ],
    [
      65.4797,
      57.329,
      123.0869,
      146.0451,
      81.6604,
      67.5972,
      174.5442,
      111.4941,
      160.3318,
      53.5952,
      143.3438,
      40.7371,
      65.569,
      102.0978,
      89.7066,
      134.3727,
      48.1063,
      168.95,
      127.7707,
      123.8654,
      105.6616,
      96.3243,
      73.1443,
      0.0,
      41.7399,
      174.9716,
      81.3509
    ],
    [
      106.7311,
      92.7711,
      162.6766,
      185.6972,
      115.3234,
      102.6121,
      215.8128,
      152.8541,
      198.9705,
      84.4149,
      183.0027,
      80.0014,
      36.6655,
      133.5543,
      126.2074,
      158.4166,
      88.1878,
      210.4605,
      169.1918,
      165.5217,
      139.2281,
      132.1441,
      114.6034,
      41.7399,
      0.0,
      215.537,
      114.0405
    ],
    [
      109.7373,
      126.2656,
      54.2472,
      102.3148,
      110.8918,
      118.37,
      16.9554,
      86.3885,
      31.9984,
      138.8152,
      102.2669,
      135.5884,
      225.48,
      105.4665,
      95.5206,
      128.0739,
      127.3528,
      65.4781,
      76.6644,
      58.3252,
      148.7526,
      92.5002,
      102.7124,
      174.9716,
      215.537,
      0.0,
      114.0626
    ],
    [
      47.3854,
      24.8149,
      60.7783,
      137.2349,
      3.8022,
      15.3171,
      120.3293,
      94.242,
      90.1594,
      29.6314,
      134.9955,
      44.7121,
      114.8185,
      20.8745,
      19.5873,
      59.6134,
      42.7014,
      137.2294,
      104.9787,
      84.4846,
      132.8855,
      21.5852,
      51.5371,
      81.3509,
      114.0405,
      114.0626,
      0.0
    ]
  ],
  "speed_matrix_kmh": [
    [
      0,
      60,
      80,
      30,
      30,
      80,
      30,
      30,
      30,
      60,
      60,
      40,
      30,
      30,
      60,
      80,
      30,
      60,
      80,
      30,
      40,
      60,
      30,
      30,
      30,
      80,
      30
    ],
    [
      60,
      0,
      80,
      40,
      80,
      60,
      40,
      60,
      30,
      30,
      60,
      60,
      60,
      60,
      30,
      30,
      60,
      40,
      30,
      80,
      40,
      60,
      30,
      60,
      80,
      80,
      30
    ],
    [
      30,
      30,
      0,
      40,
      40,
      80,
      40,
      60,
      30,
      40,
      60,
      80,
      30,
      80,
      60,
      40,
      30,
      40,
      80,
      60,
      30,
      30,
      30,
      30,
      30,
      40,
      60
    ],
    [
      80,
      60,
      60,
      0,
      30,
      30,
      30,
      30,
      40,
      40,
      80,
      30,
      30,
      80,
      80,
      30,
      60,
      40,
      40,
      40,
      30,
      80,
      40,
      40,
      80,
      40,
      80
    ],
    [
      40,
      30,
      60,
      80,
      0,
      60,
      80,
      30,
      30,
      60,
      40,
      40,
      40,
      40,
      40,
      30,
      30,
      60,
      80,
      60,
      30,
      60,
      60,
      40,
      60,
      60,
      60
    ],
    [
      60,
      40,
      60,
      40,
      30,
      0,
      40,
      60,
      80,
      40,
      30,
      40,
      40,
      80,
      60,
      40,
      30,
      80,
      40,
      80,
      80,
      80,
      60,
      30,
      80,
      80,
      30
    ],
    [
      60,
      30,
      60,
      40,
      30,
      30,
      0,
      80,
      80,
      30,
      40,
      40,
      60,
      30,
      80,
      30,
      80,
      30,
      40,
      30,
      40,
      60,
      30,
      60,
      80,
      80,
      80
    ],
    [
      40,
      30,
      30,
      80,
      80,
      80,
      80,
      0,
      80,
      80,
      80,
      30,
      30,
      40,
      80,
      80,
      30,
      80,
      80,
      80,
      40,
      30,
      60,
      60,
      30,
      80,
      60
    ],
    [
      40,
      60,
      80,
      60,
      60,
      30,
      30,
      60,
      0,
      80,
      40,
      60,
      60,
      40,
      60,
      40,
      30,
      40,
      60,
      30,
      60,
      40,
      40,
      60,
      60,
      40,
      40
    ],
    [
      30,
      40,
      40,
      40,
      80,
      80,
      30,
      80,
      40,
      0,
      40,
      30,
      40,
      30,
      30,
      30,
      60,
      30,
      60,
      60,
      60,
      60,
      40,
      60,
      40,
      30,
      40
    ],
    [
      40,
      80,
      40,
      80,
      40,
      30,
      80,
      80,
      40,
      30,
      0,
      80,
      30,
      80,
      30,
      60,
      60,
      80,
      60,
      30,
      30,
      60,
      30,
      40,
      60,
      40,
      60
    ],
    [
      40,
      40,
      40,
      40,
      80,
      80,
      30,
      40,
      40,
      30,
      30,
      0,
      60,
      40,
      30,
      80,
      30,
      60,
      80,
      40,
      60,
      40,
      60,
      40,
      40,
      80,
      80
    ],
    [
      30,
      30,
      40,
      30,
      30,
      80,
      80,
      80,
      60,
      80,
      60,
      80,
      0,
      60,
      80,
      80,
      80,
      30,
      30,
      60,
      30,
      40,
      30,
      80,
      30,
      40,
      40
    ],
    [
      30,
      60,
      60,
      30,
      40,
      60,
      60,
      60,
      30,
      60,
      30,
      60,
      40,
      0,
      40,
      30,
      80,
      30,
      40,
      80,
      80,
      60,
      80,
      60,
      80,
      60,
      40
    ],
    [
      60,
      40,
      80,
      30,
      30,
      40,
      30,
      60,
      80,
      30,
      30,
      60,
      80,
      60,
      0,
      80,
      40,
      30,
      80,
      60,
      40,
      60,
      60,
      80,
      40,
      40,
      40
    ],
    [
      60,
      60,
      80,
      80,
      40,
      40,
      40,
      60,
      30,
      30,
      40,
      30,
      30,
      60,
      40,
      0,
      40,
      30,
      30,
      30,
      80,
      80,
      30,
      60,
      30,
      40,
      30
    ],
    [
      80,
      40,
      80,
      40,
      60,
      40,
      40,
      60,
      40,
      60,
      80,
      40,
      30,
      80,
      30,
      30,
      0,
      80,
      40,
      60,
      80,
      60,
      30,
      30,
      30,
      60,
      30
    ],
    [
      80,
      60,
      40,
      60,
      80,
      60,
      40,
      40,
      80,
      60,
      40,
      30,
      60,
      40,
      40,
      80,
      30,
      0,
      60,
      40,
      80,
      40,
      40,
      30,
      40,
      60,
      60
    ],
    [
      80,
      30,
      80,
      80,
      40,
      60,
      30,
      40,
      30,
      30,
      30,
      80,
      80,
      30,
      40,
      80,
      40,
      30,
      0,
      80,
      80,
      80,
      80,
      40,
      80,
      40,
      40
    ],
    [
      60,
      60,
      40,
      40,
      40,
      60,
      40,
      40,
      40,
      30,
      40,
      60,
      60,
      30,
      40,
      80,
      30,
      80,
      40,
      0,
      80,
      30,
      80,
      80,
      80,
      60,
      40
    ],
    [
      60,
      30,
      80,
      60,
      80,
      80,
      60,
      60,
      60,
      40,
      40,
      60,
      30,
      80,
      40,
      40,
      80,
      40,
      60,
      60,
      0,
      30,
      40,
      40,
      80,
      80,
      30
    ],
    [
      80,
      30,
      80,
      80,
      60,
      60,
      80,
      80,
      30,
      40,
      80,
      30,
      30,
      40,
      30,
      80,
      30,
      30,
      40,
      40,
      80,
      0,
      60,
      30,
      60,
      40,
      30
    ],
    [
      80,
      60,
      40,
      80,
      30,
      30,
      30,
      80,
      60,
      60,
      80,
      30,
      30,
      60,
      80,
      30,
      40,
      80,
      60,
      60,
      80,
      60,
      0,
      30,
      80,
      80,
      30
    ],
    [
      80,
      80,
      40,
      60,
      30,
      30,
      30,
      40,
      40,
      40,
      30,
      80,
      40,
      40,
      30,
      80,
      40,
      80,
      40,
      80,
      80,
      40,
      80,
      0,
      60,
      40,
      60
    ],
    [
      30,
      40,
      40,
      30,
      30,
      60,
      30,
      80,
      60,
      40,
      40,
      60,
      30,
      80,
      40,
      60,
      40,
      60,
      80,
      40,
      80,
      60,
      40,
      30,
      0,
      60,
      60
    ],
    [
      80,
      40,
      80,
      30,
      30,
      30,
      30,
      60,
      80,
      30,
      40,
      30,
      40,
      60,
      80,
      30,
      30,
      30,
      80,
      40,
      80,
      80,
      30,
      30,
      60,
      0,
      40
    ],
    [
      40,
      40,
      40,
      40,
      30,
      80,
      30,
      80,
      40,
      40,
      80,
      80,
      30,
      80,
      30,
      40,
      80,
      30,
      30,
      80,
      60,
      40,
      40,
      80,
      40,
      80,
      0
    ]
  ]
}