{
  "name": "C25R8-2",
  "n_customers": 25,
  "n_stations": 8,
  "total_nodes": 34,
  "parameters": {
    "vehicle_capacity_tons": 3.0,
    "battery_capacity_kwh": 110.0,
    "curb_weight_kg": 2500,
    "alpha": 0.0981,
    "beta": 2.11,
    "eff_motor": 1.25,
    "eff_battery_discharge": 1.11,
    "eff_recharge": 1.25,
    "emission_rate_kg_per_kwh": 0.69,
    "max_vehicles": 3,
    "grid_size_miles": 200,
    "miles_to_meters": 1609.34
  },
  "depot": {
    "id": 0,
    "x": 100.0,
    "y": 100.0
  },
  "customers": [
    {
      "id": 1,
      "x": 70.57,
      "y": 72.1,
      "demand_tons": 0.0897
    },
    {
      "id": 2,
      "x": 61.04,
      "y": 143.21,
      "demand_tons": 0.132
    },
    {
      "id": 3,
      "x": 1.02,
      "y": 75.36,
      "demand_tons": 0.0982
    },
    {
      "id": 4,
      "x": 34.03,
      "y": 138.97,
      "demand_tons": 0.0903
    },
    {
      "id": 5,
      "x": 154.03,
      "y": 196.46,
      "demand_tons": 0.099
    },
    {
      "id": 6,
      "x": 5.3,
      "y": 136.56,
      "demand_tons": 0.1095
    },
    {
      "id": 7,
      "x": 103.53,
      "y": 30.49,
      "demand_tons": 0.1492
    },
    {
      "id": 8,
      "x": 171.03,
      "y": 83.13,
      "demand_tons": 0.0685
    },
    {
      "id": 9,
      "x": 118.21,
      "y": 156.42,
      "demand_tons": 0.0916
    },
    {
      "id": 10,
      "x": 8.6,
      "y": 79.4,
      "demand_tons": 0.0611
    },
    {
      "id": 11,
      "x": 84.68,
      "y": 46.31,
      "demand_tons": 0.0892
    },
    {
      "id": 12,
      "x": 164.41,
      "y": 183.51,
      "demand_tons": 0.0875
    },
    {
      "id": 13,
      "x": 29.59,
      "y": 148.08,
      "demand_tons": 0.0656
    },
    {
      "id": 14,
      "x": 173.49,
      "y": 151.85,
      "demand_tons": 0.0901
    },
    {
      "id": 15,
      "x": 96.1,
      "y": 146.97,
      "demand_tons": 0.075
    },
    {
      "id": 16,
      "x": 64.42,
      "y": 1.1,
      "demand_tons": 0.1214
    },
    {
      "id": 17,
      "x": 184.39,
      "y": 42.71,
      "demand_tons": 0.0699
    },
    {
      "id": 18,
      "x": 84.38,
      "y": 4.33,
      "demand_tons": 0.146
    },
    {
      "id": 19,
      "x": 24.1,
      "y": 191.64,
      "demand_tons": 0.0845
    },
    {
      "id": 20,
      "x": 110.42,
      "y": 21.25,
      "demand_tons": 0.1162
    },
    {
      "id": 21,
      "x": 1.99,
      "y": 107.06,
      "demand_tons": 0.1093
    },
    {
      "id": 22,
      "x": 156.28,
      "y": 94.5,
      "demand_tons": 0.1247
    },
    {
      "id": 23,
      "x": 7.03,
      "y": 5.53,
      "demand_tons": 0.0658
    },
    {
      "id": 24,
      "x": 182.75,
      "y": 170.17,
      "demand_tons": 0.0743
    },
    {
      "id": 25,
      "x": 74.26,
      "y": 74.52,
      "demand_tons": 0.111
    }
  ],
  "stations": [
    {
      "id": 26,
      "x": 107.48,
      "y": 17.92
    },
    {
      "id": 27,
      "x": 28.79,
      "y": 98.33
    },
    {
      "id": 28,
      "x": 98.02,
      "y": 15.95
    },
    {
      "id": 29,
      "x": 128.71,
      "y": 15.28
    },
    {
      "id": 30,
      "x": 195.17,
      "y": 79.4
    },
    {
      "id": 31,
      "x": 195.76,
      "y": 193.94
    },
    {
      "id": 32,
      "x": 30.5,
      "y": 146.9
    },
    {
      "id": 33,
      "x": 171.5,
      "y": 164.18
    }
  ],
  "distance_matrix_miles": [
    [
      0.0,
      40.5529,
      58.1806,
      102.0008,
      76.6205,
      110.5612,
      101.5122,
      69.5996,
      73.0059,
      59.2859,
      93.6927,
      55.833,
      105.4636,
      85.2599,
      89.94,
      47.1316,
      105.1054,
      101.9991,
      96.9367,
      118.9903,
      79.4364,
      98.2639,
      56.5481,
      132.5443,
      108.496,
      36.2185,
      82.4201,
      71.2296,
      84.0733,
      89.4525,
      97.374,
      134.1443,
      83.8443,
      96.0798
    ],
    [
      40.5529,
      0.0,
      71.7458,
      69.6264,
      76.2022,
      149.7698,
      91.7348,
      53.0825,
      101.0637,
      96.8475,
      62.3985,
      29.3976,
      145.6645,
      86.3268,
      130.2021,
      79.1031,
      71.2659,
      117.5532,
      69.1628,
      128.2547,
      64.6045,
      76.9767,
      88.5887,
      92.0266,
      149.0036,
      4.4128,
      65.5578,
      49.3313,
      62.5006,
      81.2944,
      124.8137,
      174.6926,
      84.8566,
      136.6221
    ],
    [
      58.1806,
      71.7458,
      0.0,
      90.5871,
      27.3408,
      107.1574,
      56.1353,
      120.4624,
      125.3292,
      58.6763,
      82.5934,
      99.742,
      110.9479,
      31.8248,
      112.7814,
      35.261,
      142.1502,
      159.1084,
      140.8276,
      60.91,
      131.5775,
      69.2367,
      106.9735,
      147.8948,
      124.6602,
      69.9506,
      133.6198,
      55.2655,
      132.5241,
      144.725,
      148.5348,
      143.9549,
      30.7621,
      112.4329
    ],
    [
      102.0008,
      69.6264,
      90.5871,
      0.0,
      71.6651,
      195.134,
      61.3495,
      111.9,
      170.1875,
      142.4929,
      8.5894,
      88.5601,
      195.9406,
      78.1309,
      188.6707,
      119.0302,
      97.6428,
      186.2541,
      109.5178,
      118.5484,
      122.0502,
      31.7148,
      156.4353,
      70.0882,
      204.9749,
      73.2448,
      120.9673,
      36.0388,
      113.7477,
      141.1182,
      194.192,
      228.0019,
      77.376,
      192.2301
    ],
    [
      76.6205,
      76.2022,
      27.3408,
      71.6651,
      0.0,
      133.0605,
      28.8309,
      128.8338,
      147.9429,
      85.9696,
      64.7709,
      105.5997,
      137.7779,
      10.1344,
      140.0535,
      62.5834,
      141.1796,
      178.5332,
      143.7465,
      53.5979,
      140.3333,
      45.2196,
      130.0871,
      136.1442,
      151.9575,
      75.9754,
      141.591,
      40.9764,
      138.6674,
      155.7675,
      171.7984,
      170.8166,
      8.6802,
      139.7625
    ],
    [
      110.5612,
      149.7698,
      107.1574,
      195.134,
      133.0605,
      0.0,
      160.3391,
      173.4828,
      114.5979,
      53.7241,
      186.6894,
      165.3918,
      16.5966,
      133.5138,
      48.6697,
      76.1915,
      214.9313,
      156.7188,
      204.365,
      130.0194,
      180.5557,
      176.3761,
      101.9848,
      240.9632,
      38.9359,
      145.7142,
      184.5086,
      159.1055,
      188.9999,
      182.9407,
      124.0788,
      41.806,
      133.1009,
      36.7042
    ],
    [
      101.5122,
      91.7348,
      56.1353,
      61.3495,
      28.8309,
      160.3391,
      0.0,
      144.5682,
      174.1298,
      114.6433,
      57.2552,
      120.1925,
      165.8924,
      26.8833,
      168.8836,
      91.3948,
      147.7991,
      202.1906,
      154.0728,
      58.2001,
      156.034,
      29.6851,
      156.7291,
      131.0414,
      180.6049,
      92.7601,
      156.5765,
      44.87,
      152.1308,
      173.0285,
      198.2874,
      198.9158,
      27.2389,
      168.4794
    ],
    [
      69.5996,
      53.0825,
      120.4624,
      111.9,
      128.8338,
      173.4828,
      144.5682,
      0.0,
      85.5992,
      126.7828,
      106.789,
      24.6088,
      164.686,
      138.9048,
      140.0809,
      116.7167,
      48.922,
      81.7782,
      32.4202,
      179.662,
      11.526,
      127.1744,
      82.9448,
      99.6757,
      160.5812,
      52.8713,
      13.176,
      100.9373,
      15.549,
      29.4173,
      103.8753,
      187.676,
      137.4215,
      149.9765
    ],
    [
      73.0059,
      101.0637,
      125.3292,
      170.1875,
      147.9429,
      114.5979,
      174.1298,
      85.5992,
      0.0,
      90.3403,
      162.4728,
      93.8724,
      100.5981,
      155.6399,
      68.764,
      98.4381,
      134.5162,
      42.5707,
      117.1224,
      182.655,
      86.6182,
      170.7254,
      18.6236,
      181.4325,
      87.8255,
      97.1523,
      91.0546,
      143.0498,
      99.215,
      79.9663,
      24.4265,
      113.536,
      154.322,
      81.0514
    ],
    [
      59.2859,
      96.8475,
      58.6763,
      142.4929,
      85.9696,
      53.7241,
      114.6433,
      126.7828,
      90.3403,
      0.0,
      133.9643,
      115.102,
      53.5566,
      89.0116,
      55.4686,
      24.0448,
      164.3705,
      131.5665,
      155.8071,
      100.4845,
      135.3943,
      126.2676,
      72.6871,
      187.4267,
      65.9884,
      92.9474,
      138.915,
      106.632,
      141.9136,
      141.53,
      108.8803,
      86.1496,
      88.2251,
      53.852
    ],
    [
      93.6927,
      62.3985,
      82.5934,
      8.5894,
      64.7709,
      186.6894,
      57.2552,
      106.789,
      162.4728,
      133.9643,
      0.0,
      82.9645,
      187.3917,
      71.8159,
      180.1047,
      110.553,
      96.1601,
      179.5781,
      106.6682,
      113.3052,
      117.255,
      28.4388,
      148.45,
      73.8867,
      196.3859,
      65.8411,
      116.4347,
      27.6764,
      109.6441,
      136.1535,
      186.57,
      219.4272,
      70.9638,
      183.6411
    ],
    [
      55.833,
      29.3976,
      99.742,
      88.5601,
      105.5997,
      165.3918,
      120.1925,
      24.6088,
      93.8724,
      115.102,
      82.9645,
      0.0,
      158.6843,
      115.724,
      137.9344,
      101.3057,
      49.542,
      99.775,
      41.9811,
      157.4508,
      35.9242,
      102.607,
      86.3066,
      87.7071,
      157.9843,
      30.0729,
      36.412,
      76.3529,
      33.1615,
      53.8656,
      115.3386,
      184.7522,
      114.2533,
      146.3935
    ],
    [
      105.4636,
      145.6645,
      110.9479,
      195.9406,
      137.7779,
      16.5966,
      165.8924,
      164.686,
      100.5981,
      53.5566,
      187.3917,
      158.6843,
      0.0,
      139.3977,
      32.9363,
      77.4689,
      208.0178,
      142.2105,
      196.2403,
      140.5453,
      171.0065,
      179.5128,
      89.3805,
      237.5823,
      22.6784,
      141.442,
      175.103,
      160.1512,
      180.2331,
      171.9762,
      108.5591,
      33.0395,
      138.8243,
      20.5892
    ],
    [
      85.2599,
      86.3268,
      31.8248,
      78.1309,
      10.1344,
      133.5138,
      26.8833,
      138.9048,
      155.6399,
      89.0116,
      71.8159,
      115.724,
      139.3977,
      0.0,
      143.9494,
      66.5193,
      151.0505,
      187.2588,
      153.8376,
      43.9046,
      150.3973,
      49.4409,
      137.5543,
      144.3241,
      154.7448,
      86.0609,
      151.6855,
      49.7564,
      148.7985,
      165.7124,
      179.2587,
      172.3822,
      1.4901,
      142.8204
    ],
    [
      89.94,
      130.2021,
      112.7814,
      188.6707,
      140.0535,
      48.6697,
      168.8836,
      140.0809,
      68.764,
      55.4686,
      180.1047,
      137.9344,
      32.9363,
      143.9494,
      0.0,
      77.5437,
      186.0694,
      109.683,
      172.3448,
      154.5982,
      145.0317,
      177.2523,
      59.8766,
      221.6269,
      20.5273,
      125.8035,
      149.3136,
      154.2805,
      155.4494,
      143.7241,
      75.6242,
      47.6185,
      143.0757,
      12.4896
    ],
    [
      47.1316,
      79.1031,
      35.261,
      119.0302,
      62.5834,
      76.1915,
      91.3948,
      116.7167,
      98.4381,
      24.0448,
      110.553,
      101.3057,
      77.4689,
      66.5193,
      77.5437,
      0.0,
      149.2705,
      136.6209,
      143.1207,
      84.7314,
      126.5329,
      102.2228,
      79.8419,
      167.1489,
      89.7021,
      75.6703,
      129.5508,
      83.0451,
      131.0341,
      135.6675,
      119.919,
      110.1739,
      65.6,
      77.3391
    ],
    [
      105.1054,
      71.2659,
      142.1502,
      97.6428,
      141.1796,
      214.9313,
      147.7991,
      48.922,
      134.5162,
      164.3705,
      96.1601,
      49.542,
      208.0178,
      151.0505,
      186.0694,
      149.2705,
      0.0,
      126.9811,
      20.2197,
      194.7593,
      50.2197,
      122.9838,
      131.0031,
      57.5607,
      206.3653,
      74.0765,
      46.2285,
      103.5527,
      36.7353,
      65.8352,
      152.4023,
      233.3184,
      149.6937,
      195.0928
    ],
    [
      101.9991,
      117.5532,
      159.1084,
      186.2541,
      178.5332,
      156.7188,
      202.1906,
      81.7782,
      42.5707,
      131.5665,
      179.5781,
      99.775,
      142.2105,
      187.2588,
      109.683,
      136.6209,
      126.9811,
      0.0,
      107.1215,
      218.7991,
      77.0201,
      193.4184,
      58.9269,
      181.2151,
      127.4706,
      114.632,
      80.8065,
      165.2421,
      90.4205,
      62.0699,
      38.2409,
      151.6568,
      185.8432,
      122.152
    ],
    [
      96.9367,
      69.1628,
      140.8276,
      109.5178,
      143.7465,
      204.365,
      154.0728,
      32.4202,
      117.1224,
      155.8071,
      106.6682,
      41.9811,
      196.2403,
      153.8376,
      172.3448,
      143.1207,
      20.2197,
      107.1215,
      0.0,
      196.7707,
      31.0543,
      131.6874,
      115.3267,
      77.3593,
      192.82,
      70.9158,
      26.8011,
      109.2074,
      17.9185,
      45.6624,
      133.828,
      219.9033,
      152.4115,
      182.0492
    ],
    [
      118.9903,
      128.2547,
      60.91,
      118.5484,
      53.5979,
      130.0194,
      58.2001,
      179.662,
      182.655,
      100.4845,
      113.3052,
      157.4508,
      140.5453,
      43.9046,
      154.5982,
      84.7314,
      194.7593,
      218.7991,
      196.7707,
      0.0,
      191.0076,
      87.4221,
      164.0358,
      186.8912,
      160.0962,
      127.4093,
      192.6937,
      93.4278,
      190.6073,
      205.0515,
      204.6039,
      171.6754,
      45.1954,
      149.936
    ],
    [
      79.4364,
      64.6045,
      131.5775,
      122.0502,
      140.3333,
      180.5557,
      156.034,
      11.526,
      86.6182,
      135.3943,
      117.255,
      35.9242,
      171.0065,
      150.3973,
      145.0317,
      126.5329,
      50.2197,
      77.0201,
      31.0543,
      191.0076,
      0.0,
      138.2766,
      86.4217,
      104.5783,
      165.556,
      64.3835,
      4.4421,
      112.271,
      13.4852,
      19.2397,
      102.7812,
      192.6259,
      148.9132,
      155.4341
    ],
    [
      98.2639,
      76.9767,
      69.2367,
      31.7148,
      45.2196,
      176.3761,
      29.6851,
      127.1744,
      170.7254,
      126.2676,
      28.4388,
      102.607,
      179.5128,
      49.4409,
      177.2523,
      102.2228,
      122.9838,
      193.4184,
      131.6874,
      87.4221,
      138.2766,
      0.0,
      154.8004,
      101.655,
      191.4603,
      79.2578,
      138.1089,
      28.186,
      132.3737,
      156.4657,
      195.1502,
      212.3557,
      48.9903,
      178.8752
    ],
    [
      56.5481,
      88.5887,
      106.9735,
      156.4353,
      130.0871,
      101.9848,
      156.7291,
      82.9448,
      18.6236,
      72.6871,
      148.45,
      86.3066,
      89.3805,
      137.5543,
      59.8766,
      79.8419,
      131.0031,
      58.9269,
      115.3267,
      164.0358,
      86.4217,
      154.8004,
      0.0,
      173.7562,
      80.1661,
      84.4185,
      90.8071,
      127.5475,
      97.7974,
      83.8804,
      41.7186,
      106.9906,
      136.2585,
      71.3229
    ],
    [
      132.5443,
      92.0266,
      147.8948,
      70.0882,
      136.1442,
      240.9632,
      131.0414,
      99.6757,
      181.4325,
      187.4267,
      73.8867,
      87.7071,
      237.5823,
      144.3241,
      221.6269,
      167.1489,
      57.5607,
      181.2151,
      77.3593,
      186.8912,
      104.5783,
      101.655,
      173.7562,
      0.0,
      240.7984,
      96.3301,
      101.2112,
      95.317,
      91.5847,
      122.07,
      202.1223,
      266.6783,
      143.305,
      228.5174
    ],
    [
      108.496,
      149.0036,
      124.6602,
      204.9749,
      151.9575,
      38.9359,
      180.6049,
      160.5812,
      87.8255,
      65.9884,
      196.3859,
      157.9843,
      22.6784,
      154.7448,
      20.5273,
      89.7021,
      206.3653,
      127.4706,
      192.82,
      160.0962,
      165.556,
      191.4603,
      80.1661,
      240.7984,
      0.0,
      144.634,
      169.84,
      169.896,
      175.963,
      164.0464,
      91.6158,
      27.0975,
      154.018,
      12.7453
    ],
    [
      36.2185,
      4.4128,
      69.9506,
      73.2448,
      75.9754,
      145.7142,
      92.7601,
      52.8713,
      97.1523,
      92.9474,
      65.8411,
      30.0729,
      141.442,
      86.0609,
      125.8035,
      75.6703,
      74.0765,
      114.632,
      70.9158,
      127.4093,
      64.3835,
      79.2578,
      84.4185,
      96.3301,
      144.634,
      0.0,
      65.6287,
      51.3268,
      63.2059,
      80.4623,
      121.0084,
      170.3625,
      84.5802,
      132.2669
    ],
    [
      82.4201,
      65.5578,
      133.6198,
      120.9673,
      141.591,
      184.5086,
      156.5765,
      13.176,
      91.0546,
      138.915,
      116.4347,
      36.412,
      175.103,
      151.6855,
      149.3136,
      129.5508,
      46.2285,
      80.8065,
      26.8011,
      192.6937,
      4.4421,
      138.1089,
      90.8071,
      101.2112,
      169.84,
      65.6287,
      0.0,
      112.5073,
      9.6629,
      21.3935,
      107.0949,
      196.9172,
      150.2057,
      159.6576
    ],
    [
      71.2296,
      49.3313,
      55.2655,
      36.0388,
      40.9764,
      159.1055,
      44.87,
      100.9373,
      143.0498,
      106.632,
      27.6764,
      76.3529,
      160.1512,
      49.7564,
      154.2805,
      83.0451,
      103.5527,
      165.2421,
      109.2074,
      93.4278,
      112.271,
      28.186,
      127.5475,
      95.317,
      169.896,
      51.3268,
      112.5073,
      0.0,
      107.607,
      129.9281,
      167.4534,
      192.4065,
      48.6001,
      157.1699
    ],
    [
      84.0733,
      62.5006,
      132.5241,
      113.7477,
      138.6674,
      188.9999,
      152.1308,
      15.549,
      99.215,
      141.9136,
      109.6441,
      33.1615,
      180.2331,
      148.7985,
      155.4494,
      131.0341,
      36.7353,
      90.4205,
      17.9185,
      190.6073,
      13.4852,
      132.3737,
      97.7974,
      91.5847,
      175.963,
      63.2059,
      9.6629,
      107.607,
      0.0,
      30.6973,
      116.0346,
      203.0605,
      147.3325,
      165.4432
    ],
    [
      89.4525,
      81.2944,
      144.725,
      141.1182,
      155.7675,
      182.9407,
      173.0285,
      29.4173,
      79.9663,
      141.53,
      136.1535,
      53.8656,
      171.9762,
      165.7124,
      143.7241,
      135.6675,
      65.8352,
      62.0699,
      45.6624,
      205.0515,
      19.2397,
      156.4657,
      83.8804,
      122.07,
      164.0464,
      80.4623,
      21.3935,
      129.9281,
      30.6973,
      0.0,
      92.3488,
      190.8274,
      164.2225,
      154.9264
    ],
    [
      97.374,
      124.8137,
      148.5348,
      194.192,
      171.7984,
      124.0788,
      198.2874,
      103.8753,
      24.4265,
      108.8803,
      186.57,
      115.3386,
      108.5591,
      179.2587,
      75.6242,
      119.919,
      152.4023,
      38.2409,
      133.828,
      204.6039,
      102.7812,
      195.1502,
      41.7186,
      202.1223,
      91.6158,
      121.0084,
      107.0949,
      167.4534,
      116.0346,
      92.3488,
      0.0,
      114.5415,
      177.9676,
      88.0223
    ],
    [
      134.1443,
      174.6926,
      143.9549,
      228.0019,
      170.8166,
      41.806,
      198.9158,
      187.676,
      113.536,
      86.1496,
      219.4272,
      184.7522,
      33.0395,
      172.3822,
      47.6185,
      110.1739,
      233.3184,
      151.6568,
      219.9033,
      171.6754,
      192.6259,
      212.3557,
      106.9906,
      266.6783,
      27.0975,
      170.3625,
      196.9172,
      192.4065,
      203.0605,
      190.8274,
      114.5415,
      0.0,
      171.8244,
      38.3954
    ],
    [
      83.8443,
      84.8566,
      30.7621,
      77.376,
      8.6802,
      133.1009,
      27.2389,
      137.4215,
      154.322,
      88.2251,
      70.9638,
      114.2533,
      138.8243,
      1.4901,
      143.0757,
      65.6,
      149.6937,
      185.8432,
      152.4115,
      45.1954,
      148.9132,
      48.9903,
      136.2585,
      143.305,
      154.018,
      84.5802,
      150.2057,
      48.6001,
      147.3325,
      164.2225,
      177.9676,
      171.8244,
      0.0,
      142.0549
    ],
    [
      96.0798,
      136.6221,
      112.4329,
      192.2301,
      139.7625,
      36.7042,
      168.4794,
      149.9765,
      81.0514,
      53.852,
      183.6411,
      146.3935,
      20.5892,
      142.8204,
      12.4896,
      77.3391,
      195.0928,
      122.152,
      182.0492,
      149.936,
      155.4341,
      178.8752,
      71.3229,
      228.5174,
      12.7453,
      132.2669,
      159.6576,
      157.1699,
      165.4432,
      154.9264,
      88.0223,
      38.3954,
      142.0549,
      0.0
    ]
  ],
  "speed_matrix_kmh": [
    [
      0,
      80,
      30,
      80,
      40,
      80,
      40,
      40,
      80,
      60,
      30,
      60,
      80,
      40,
      30,
      60,
      60,
      60,
      80,
      40,
      30,
      80,
      60,
      60,
      30,
      40,
      40,
      80,
      60,
      30,
      80,
      30,
      40,
      60
    ],
    [
      30,
      0,
      80,
      30,
      30,
      40,
      60,
      40,
      40,
      40,
      80,
      40,
      30,
      40,
      80,
      30,
      30,
      40,
      80,
      30,
      30,
      80,
      60,
      80,
      60,
      60,
      80,
      60,
      40,
      30,
      30,
      30,
      40,
      40
    ],
    [
      40,
      80,
      0,
      40,
      40,
      80,
      80,
      30,
      40,
      60,
      80,
      80,
      80,
      60,
      40,
      30,
      60,
      60,
      40,
      40,
      40,
      40,
      30,
      80,
      80,
      40,
      80,
      40,
      60,
      30,
      40,
      60,
      30,
      40
    ],
    [
      80,
      30,
      30,
      0,
      80,
      30,
      60,
      80,
      60,
      40,
      40,
      80,
      40,
      60,
      30,
      60,
      80,
      30,
      40,
      80,
      60,
      30,
      80,
      40,
      30,
      40,
      40,
      40,
      80,
      40,
      80,
      40,
      80,
      60
    ],
    [
      80,
      60,
      80,
      60,
      0,
      40,
      60,
      30,
      30,
      30,
      40,
      40,
      60,
      40,
      80,
      40,
      60,
      80,
      30,
      60,
      30,
      80,
      30,
      60,
      60,
      80,
      80,
      80,
      60,
      40,
      30,
      80,
      40,
      30
    ],
    [
      30,
      30,
      40,
      80,
      80,
      0,
      30,
      40,
      60,
      30,
      30,
      60,
      30,
      80,
      40,
      80,
      80,
      30,
      60,
      80,
      80,
      30,
      80,
      60,
      80,
      30,
      80,
      40,
      40,
      80,
      40,
      60,
      60,
      60
    ],
    [
      80,
      40,
      60,
      30,
      80,
      60,
      0,
      40,
      60,
      80,
      60,
      40,
      30,
      40,
      30,
      80,
      30,
      30,
      30,
      80,
      80,
      40,
      60,
      40,
      60,
      40,
      40,
      60,
      40,
      80,
      60,
      80,
      60,
      60
    ],
    [
      40,
      30,
      30,
      40,
      30,
      80,
      80,
      0,
      30,
      40,
      40,
      40,
      30,
      80,
      80,
      60,
      60,
      80,
      30,
      30,
      30,
      30,
      40,
      40,
      60,
      80,
      40,
      40,
      80,
      30,
      40,
      40,
      40,
      40
    ],
    [
      60,
      30,
      40,
      30,
      40,
      30,
      40,
      60,
      0,
      80,
      40,
      80,
      30,
      60,
      80,
      30,
      30,
      60,
      60,
      40,
      30,
      40,
      80,
      40,
      80,
      40,
      80,
      80,
      30,
      30,
      60,
      80,
      30,
      60
    ],
    [
      60,
      30,
      80,
      30,
      60,
      40,
      40,
      60,
      30,
      0,
      80,
      60,
      80,
      80,
      40,
      80,
      80,
      40,
      60,
      40,
      30,
      60,
      60,
      40,
      40,
      60,
      40,
      60,
      60,
      40,
      30,
      40,
      80,
      80
    ],
    [
      60,
      40,
      40,
      80,
      40,
      40,
      80,
      80,
      60,
      60,
      0,
      40,
      80,
      80,
      80,
      80,
      40,
      30,
      40,
      60,
      60,
      30,
      60,
      60,
      30,
      40,
      30,
      60,
      60,
      80,
      40,
      30,
      80,
      30
    ],
    [
      30,
      80,
      80,
      40,
      80,
      60,
      60,
      40,
      40,
      40,
      60,
      0,
      60,
      30,
      60,
      60,
      80,
      60,
      40,
      30,
      40,
      60,
      60,
      40,
      80,
      80,
      40,
      40,
      40,
      80,
      80,
      30,
      80,
      60
    ],
    [
      60,
      60,
      80,
      40,
      60,
      40,
      40,
      40,
      60,
      40,
      40,
      30,
      0,
      40,
      40,
      80,
      80,
      80,
      60,
      60,
      80,
      60,
      80,
      80,
      40,
      40,
      30,
      80,
      40,
      60,
      40,
      30,
      40,
      60
    ],
    [
      60,
      80,
      40,
      30,
      40,
      80,
      40,
      80,
      30,
      40,
      40,
      30,
      60,
      0,
      80,
      60,
      30,
      30,
      80,
      40,
      80,
      60,
      80,
      40,
      30,
      60,
      30,
      40,
      60,
      30,
      30,
      40,
      80,
      30
    ],
    [
      80,
      30,
      40,
      30,
      60,
      40,
      40,
      60,
      40,
      40,
      60,
      30,
      60,
      40,
      0,
      80,
      80,
      40,
      40,
      80,
      80,
      30,
      80,
      40,
      40,
      60,
      30,
      40,
      40,
      30,
      60,
      80,
      60,
      30
    ],
    [
      30,
      80,
      40,
      40,
      40,
      40,
      80,
      80,
      30,
      80,
      60,
      30,
      30,
      40,
      80,
      0,
      80,
      30,
      60,
      40,
      30,
      40,
      80,
      60,
      80,
      80,
      80,
      30,
      60,
      80,
      30,
      40,
      40,
      80
    ],
    [
      40,
      80,
      60,
      30,
      60,
      30,
      30,
      60,
      30,
      40,
      60,
      30,
      60,
      80,
      60,
      80,
      0,
      60,
      30,
      60,
      40,
      80,
      60,
      80,
      60,
      80,
      80,
      80,
      60,
      40,
      40,
      30,
      80,
      30
    ],
    [
      30,
      60,
      80,
      80,
      80,
      30,
      30,
      30,
      60,
      30,
      40,
      30,
      40,
      30,
      80,
      40,
      40,
      0,
      80,
      30,
      80,
      30,
      60,
      40,
      60,
      30,
      80,
      80,
      80,
      30,
      40,
      40,
      80,
      30
    ],
    [
      80,
      80,
      80,
      30,
      40,
      40,
      60,
      80,
      80,
      30,
      60,
      60,
      80,
      30,
      80,
      40,
      80,
      40,
      0,
      40,
      40,
      60,
      60,
      30,
      30,
      30,
      60,
      80,
      80,
      60,
      60,
      30,
      30,
      40
    ],
    [
      30,
      40,
      40,
      40,
      80,
      60,
      30,
      60,
      40,
      60,
      40,
      80,
      80,
      30,
      60,
      80,
      30,
      40,
      30,
      0,
      40,
      30,
      80,
      60,
      60,
      30,
      30,
      60,
      80,
      30,
      40,
      30,
      30,
      30
    ],
    [
      60,
      80,
      60,
      30,
      40,
      40,
      40,
      30,
      80,
      40,
      80,
      30,
      30,
      40,
      80,
      30,
      60,
      40,
      40,
      80,
      0,
      80,
      80,
      40,
      40,
      80,
      60,
      60,
      40,
      80,
      80,
      40,
      60,
      60
    ],
    [
      40,
      80,
      40,
      60,
      30,
      60,
      60,
      30,
      40,
      80,
      30,
      60,
      30,
      30,
      80,
      60,
      60,
      30,
      80,
      60,
      60,
      0,
      40,
      80,
      80,
      80,
      30,
      40,
      40,
      60,
      40,
      40,
      30,
      30
    ],
    [
      30,
      40,
      80,
      80,
      40,
      40,
      40,
      60,
      30,
      40,
      80,
      40,
      60,
      40,
      60,
      30,
      40,
      80,
      40,
      30,
      40,
      30,
      0,
      40,
      60,
      80,
      30,
      60,
      60,
      60,
      30,
      30,
      60,
      80
    ],
    [
      80,
      40,
      60,
      40,
      40,
      30,
      40,
      40,
      30,
      60,
      30,
      60,
      40,
      80,
      30,
      30,
      40,
      30,
      60,
      60,
      60,
      60,
      30,
      0,
      80,
      30,
      60,
      80,
      80,
      80,
      40,
      60,
      80,
      40
    ],
    [
      40,
      80,
      60,
      30,
      40,
      40,
      40,
      60,
      60,
      30,
      30,
      60,
      40,
      40,
      80,
      30,
      40,
      40,
      40,
      30,
      60,
      40,
      60,
      30,
      0,
      30,
      60,
      40,
      30,
      60,
      40,
      80,
      40,
      30
    ],
    [
      30,
      40,
      30,
      40,
      60,
      40,
      60,
      40,
      40,
      40,
      40,
      30,
      40,
      40,
      30,
      30,
      30,
      80,
      60,
      30,
      80,
      80,
      40,
      30,
      30,
      0,
      80,
      40,
      80,
      60,
      40,
      40,
      60,
      40
    ],
    [
      60,
      60,
      60,
      30,
      30,
      30,
      80,
      30,
      80,
      60,
      40,
      30,
      60,
      60,
      60,
      40,
      60,
      30,
      30,
      60,
      80,
      80,
      40,
      40,
      30,
      80,
      0,
      60,
      80,
      40,
      80,
      30,
      30,
      40
    ],
    [
      40,
      60,
      60,
      40,
      40,
      30,
      40,
      30,
      80,
      30,
      80,
      30,
      60,
      40,
      80,
      40,
      30,
      40,
      40,
      30,
      40,
      80,
      80,
      40,
      30,
      80,
      30,
      0,
      80,
      60,
      60,
      60,
      30,
      80
    ],
    [
      60,
      60,
      80,
      60,
      40,
      80,
      80,
      80,
      60,
      80,
      60,
      80,
      30,
      40,
      60,
      40,
      80,
      30,
      60,
      80,
      40,
      80,
      30,
      80,
      40,
      80,
      30,
      40,
      0,
      80,
      30,
      40,
      80,
      40
    ],
    [
      30,
      40,
      60,
      30,
      60,
      80,
      80,
      30,
      30,
      80,
      30,
      60,
      30,
      40,
      80,
      30,
      80,
      30,
      60,
      80,
      60,
      60,
      80,
      60,
      30,
      80,
      30,
      30,
      60,
      0,
      30,
      80,
      30,
      60
    ],
    [
      40,
      80,
      30,
      30,
      30,
      40,
      60,
      30,
      40,
      40,
      40,
      60,
      80,
      40,
      60,
      30,
      60,
      30,
      30,
      80,
      80,
      80,
      60,
      30,
      30,
      80,
      40,
      40,
      60,
      40,
      0,
      30,
      40,
      80
    ],
    [
      30,
      30,
      60,
      60,
      60,
      60,
      30,
      40,
      80,
      30,
      60,
      40,
      40,
      60,
      30,
      60,
      40,
      30,
      80,
      60,
      30,
      80,
      40,
      40,
      40,
      60,
      40,
      30,
      30,
      60,
      80,
      0,
      80,
      30
    ],
    [
      60,
      60,
      30,
      40,
      80,
      80,
      80,
      40,
      30,
      80,
      60,
      30,
      30,
      60,
      30,
      80,
      60,
      60,
      30,
      40,
      80,
      30,
      40,
      80,
      40,
      60,
      60,
      80,
      40,
      40,
      80,
      60,
      0,
      60
    ],
    [
      30,
      60,
      40,
      80,
      60,
      40,
      80,
      30,
      40,
      30,
      60,
      30,
      60,
      30,
      30,
      80,
      60,
      80,
      60,
      80,
      30,
      40,
      30,
      80,
      80,
      60,
      30,
      80,
      30,
      60,
      30,
      60,
      40,
      0
    ]
  ]
}