{
  "name": "C25R8-1",
  "n_customers": 25,
  "n_stations": 8,
  "total_nodes": 34,
  "parameters": {
    "vehicle_capacity_tons": 3.0,
    "battery_capacity_kwh": 110.0,
    "curb_weight_kg": 2500,
    "alpha": 0.0981,
    "beta": 2.11,
    "eff_motor": 1.25,
    "eff_battery_discharge": 1.11,
    "eff_recharge": 1.25,
    "emission_rate_kg_per_kwh": 0.69,
    "max_vehicles": 3,
    "grid_size_miles": 200,
    "miles_to_meters": 1609.34
  },
  "depot": {
    "id": 0,
    "x": 100.0,
    "y": 100.0
  },
  "customers": [
    {
      "id": 1,
      "x": 70.57,
      "y": 72.1,
      "demand_tons": 0.0897
    },
    {
      "id": 2,
      "x": 61.04,
      "y": 143.21,
      "demand_tons": 0.132
    },
    {
      "id": 3,
      "x": 1.02,
      "y": 75.36,
      "demand_tons": 0.0982
    },
    {
      "id": 4,
      "x": 34.03,
      "y": 138.97,
      "demand_tons": 0.0903
    },
    {
      "id": 5,
      "x": 154.03,
      "y": 196.46,
      "demand_tons": 0.099
    },
    {
      "id": 6,
      "x": 5.3,
      "y": 136.56,
      "demand_tons": 0.1095
    },
    {
      "id": 7,
      "x": 103.53,
      "y": 30.49,
      "demand_tons": 0.1492
    },
    {
      "id": 8,
      "x": 171.03,
      "y": 83.13,
      "demand_tons": 0.0685
    },
    {
      "id": 9,
      "x": 118.21,
      "y": 156.42,
      "demand_tons": 0.0916
    },
    {
      "id": 10,
      "x": 8.6,
      "y": 79.4,
      "demand_tons": 0.0611
    },
    {
      "id": 11,
      "x": 84.68,
      "y": 46.31,
      "demand_tons": 0.0892
    },
    {
      "id": 12,
      "x": 164.41,
      "y": 183.51,
      "demand_tons": 0.0875
    },
    {
      "id": 13,
      "x": 29.59,
      "y": 148.08,
      "demand_tons": 0.0656
    },
    {
      "id": 14,
      "x": 173.49,
      "y": 151.85,
      "demand_tons": 0.0901
    },
    {
      "id": 15,
      "x": 96.1,
      "y": 146.97,
      "demand_tons": 0.075
    },
    {
      "id": 16,
      "x": 64.42,
      "y": 1.1,
      "demand_tons": 0.1214
    },
    {
      "id": 17,
      "x": 184.39,
      "y": 42.71,
      "demand_tons": 0.0699
    },
    {
      "id": 18,
      "x": 84.38,
      "y": 4.33,
      "demand_tons": 0.146
    },
    {
      "id": 19,
      "x": 24.1,
      "y": 191.64,
      "demand_tons": 0.0845
    },
    {
      "id": 20,
      "x": 110.42,
      "y": 21.25,
      "demand_tons": 0.1162
    },
    {
      "id": 21,
      "x": 1.99,
      "y": 107.06,
      "demand_tons": 0.1093
    },
    {
      "id": 22,
      "x": 156.28,
      "y": 94.5,
      "demand_tons": 0.1247
    },
    {
      "id": 23,
      "x": 7.03,
      "y": 5.53,
      "demand_tons": 0.0658
    },
    {
      "id": 24,
      "x": 182.75,
      "y": 170.17,
      "demand_tons": 0.0743
    },
    {
      "id": 25,
      "x": 74.26,
      "y": 74.52,
      "demand_tons": 0.111
    }
  ],
  "stations": [
    {
      "id": 26,
      "x": 178.93,
      "y": 57.16
    },
    {
      "id": 27,
      "x": 192.18,
      "y": 142.15
    },
    {
      "id": 28,
      "x": 174.09,
      "y": 88.66
    },
    {
      "id": 29,
      "x": 45.29,
      "y": 25.66
    },
    {
      "id": 30,
      "x": 13.3,
      "y": 98.33
    },
    {
      "id": 31,
      "x": 157.06,
      "y": 134.81
    },
    {
      "id": 32,
      "x": 92.58,
      "y": 86.09
    },
    {
      "id": 33,
      "x": 157.17,
      "y": 53.77
    }
  ],
  "distance_matrix_miles": [
    [
      0.0,
      40.5529,
      58.1806,
      102.0008,
      76.6205,
      110.5612,
      101.5122,
      69.5996,
      73.0059,
      59.2859,
      93.6927,
      55.833,
      105.4636,
      85.2599,
      89.94,
      47.1316,
      105.1054,
      101.9991,
      96.9367,
      118.9903,
      79.4364,
      98.2639,
      56.5481,
      132.5443,
      108.496,
      36.2185,
      89.8065,
      101.3596,
      74.9528,
      92.3018,
      86.7161,
      66.84,
      15.7653,
      73.5229
    ],
    [
      40.5529,
      0.0,
      71.7458,
      69.6264,
      76.2022,
      149.7698,
      91.7348,
      53.0825,
      101.0637,
      96.8475,
      62.3985,
      29.3976,
      145.6645,
      86.3268,
      130.2021,
      79.1031,
      71.2659,
      117.5532,
      69.1628,
      128.2547,
      64.6045,
      76.9767,
      88.5887,
      92.0266,
      149.0036,
      4.4128,
      109.3851,
      140.3424,
      104.8362,
      52.8749,
      62.991,
      106.8319,
      26.0799,
      88.5186
    ],
    [
      58.1806,
      71.7458,
      0.0,
      90.5871,
      27.3408,
      107.1574,
      56.1353,
      120.4624,
      125.3292,
      58.6763,
      82.5934,
      99.742,
      110.9479,
      31.8248,
      112.7814,
      35.261,
      142.1502,
      159.1084,
      140.8276,
      60.91,
      131.5775,
      69.2367,
      106.9735,
      147.8948,
      124.6602,
      69.9506,
      145.9543,
      131.1443,
      125.5229,
      118.6004,
      65.5234,
      96.3867,
      65.2493,
      131.303
    ],
    [
      102.0008,
      69.6264,
      90.5871,
      0.0,
      71.6651,
      195.134,
      61.3495,
      111.9,
      170.1875,
      142.4929,
      8.5894,
      88.5601,
      195.9406,
      78.1309,
      188.6707,
      119.0302,
      97.6428,
      186.2541,
      109.5178,
      118.5484,
      122.0502,
      31.7148,
      156.4353,
      70.0882,
      204.9749,
      73.2448,
      178.8385,
      202.4921,
      173.5803,
      66.5577,
      26.0465,
      166.9814,
      92.1866,
      157.6355
    ],
    [
      76.6205,
      76.2022,
      27.3408,
      71.6651,
      0.0,
      133.0605,
      28.8309,
      128.8338,
      147.9429,
      85.9696,
      64.7709,
      105.5997,
      137.7779,
      10.1344,
      140.0535,
      62.5834,
      141.1796,
      178.5332,
      143.7465,
      53.5979,
      140.3333,
      45.2196,
      130.0871,
      136.1442,
      151.9575,
      75.9754,
      166.3998,
      158.182,
      148.8217,
      113.8681,
      45.6217,
      123.1003,
      78.8948,
      149.7414
    ],
    [
      110.5612,
      149.7698,
      107.1574,
      195.134,
      133.0605,
      0.0,
      160.3391,
      173.4828,
      114.5979,
      53.7241,
      186.6894,
      165.3918,
      16.5966,
      133.5138,
      48.6697,
      76.1915,
      214.9313,
      156.7188,
      204.365,
      130.0194,
      180.5557,
      176.3761,
      101.9848,
      240.9632,
      38.9359,
      145.7142,
      141.508,
      66.3702,
      109.6506,
      202.4772,
      171.5647,
      61.7244,
      126.3236,
      142.7245
    ],
    [
      101.5122,
      91.7348,
      56.1353,
      61.3495,
      28.8309,
      160.3391,
      0.0,
      144.5682,
      174.1298,
      114.6433,
      57.2552,
      120.1925,
      165.8924,
      26.8833,
      168.8836,
      91.3948,
      147.7991,
      202.1906,
      154.0728,
      58.2001,
      156.034,
      29.6851,
      156.7291,
      131.0414,
      180.6049,
      92.7601,
      190.9234,
      186.9636,
      175.455,
      117.8898,
      39.0581,
      151.7701,
      100.8217,
      172.9702
    ],
    [
      69.5996,
      53.0825,
      120.4624,
      111.9,
      128.8338,
      173.4828,
      144.5682,
      0.0,
      85.5992,
      126.7828,
      106.789,
      24.6088,
      164.686,
      138.9048,
      140.0809,
      116.7167,
      48.922,
      81.7782,
      32.4202,
      179.662,
      11.526,
      127.1744,
      82.9448,
      99.6757,
      160.5812,
      52.8713,
      79.9778,
      142.572,
      91.4465,
      58.4399,
      112.8881,
      117.2524,
      56.668,
      58.474
    ],
    [
      73.0059,
      101.0637,
      125.3292,
      170.1875,
      147.9429,
      114.5979,
      174.1298,
      85.5992,
      0.0,
      90.3403,
      162.4728,
      93.8724,
      100.5981,
      155.6399,
      68.764,
      98.4381,
      134.5162,
      42.5707,
      117.1224,
      182.655,
      86.6182,
      170.7254,
      18.6236,
      181.4325,
      87.8255,
      97.1523,
      27.145,
      62.6952,
      6.3202,
      138.251,
      158.4607,
      53.5349,
      78.5058,
      32.467
    ],
    [
      59.2859,
      96.8475,
      58.6763,
      142.4929,
      85.9696,
      53.7241,
      114.6433,
      126.7828,
      90.3403,
      0.0,
      133.9643,
      115.102,
      53.5566,
      89.0116,
      55.4686,
      24.0448,
      164.3705,
      131.5665,
      155.8071,
      100.4845,
      135.3943,
      126.2676,
      72.6871,
      187.4267,
      65.9884,
      92.9474,
      116.3592,
      75.3339,
      87.8293,
      149.7181,
      119.919,
      44.4558,
      74.8546,
      109.7948
    ],
    [
      93.6927,
      62.3985,
      82.5934,
      8.5894,
      64.7709,
      186.6894,
      57.2552,
      106.789,
      162.4728,
      133.9643,
      0.0,
      82.9645,
      187.3917,
      71.8159,
      180.1047,
      110.553,
      96.1601,
      179.5781,
      106.6682,
      113.3052,
      117.255,
      28.4388,
      148.45,
      73.8867,
      196.3859,
      65.8411,
      171.7758,
      194.0082,
      165.7489,
      65.0703,
      19.5047,
      158.4634,
      84.246,
      150.7645
    ],
    [
      55.833,
      29.3976,
      99.742,
      88.5601,
      105.5997,
      165.3918,
      120.1925,
      24.6088,
      93.8724,
      115.102,
      82.9645,
      0.0,
      158.6843,
      115.724,
      137.9344,
      101.3057,
      49.542,
      99.775,
      41.9811,
      157.4508,
      35.9242,
      102.607,
      86.3066,
      87.7071,
      157.9843,
      30.0729,
      94.8725,
      144.0193,
      98.9327,
      44.4747,
      88.3243,
      114.329,
      40.5569,
      72.8728
    ],
    [
      105.4636,
      145.6645,
      110.9479,
      195.9406,
      137.7779,
      16.5966,
      165.8924,
      164.686,
      100.5981,
      53.5566,
      187.3917,
      158.6843,
      0.0,
      139.3977,
      32.9363,
      77.4689,
      208.0178,
      142.2105,
      196.2403,
      140.5453,
      171.0065,
      179.5128,
      89.3805,
      237.5823,
      22.6784,
      141.442,
      127.1816,
      49.8179,
      95.3427,
      197.7529,
      173.4643,
      49.2515,
      121.038,
      129.9419
    ],
    [
      85.2599,
      86.3268,
      31.8248,
      78.1309,
      10.1344,
      133.5138,
      26.8833,
      138.9048,
      155.6399,
      89.0116,
      71.8159,
      115.724,
      139.3977,
      0.0,
      143.9494,
      66.5193,
      151.0505,
      187.2588,
      153.8376,
      43.9046,
      150.3973,
      49.4409,
      137.5543,
      144.3241,
      154.7448,
      86.0609,
      174.8396,
      162.6981,
      156.2402,
      123.4226,
      52.3491,
      128.1589,
      88.377,
      158.6538
    ],
    [
      89.94,
      130.2021,
      112.7814,
      188.6707,
      140.0535,
      48.6697,
      168.8836,
      140.0809,
      68.764,
      55.4686,
      180.1047,
      137.9344,
      32.9363,
      143.9494,
      0.0,
      77.5437,
      186.0694,
      109.683,
      172.3448,
      154.5982,
      145.0317,
      177.2523,
      59.8766,
      221.6269,
      20.5273,
      125.8035,
      94.8461,
      21.0572,
      63.1928,
      179.8865,
      168.8941,
      23.6708,
      104.2632,
      99.4285
    ],
    [
      47.1316,
      79.1031,
      35.261,
      119.0302,
      62.5834,
      76.1915,
      91.3948,
      116.7167,
      98.4381,
      24.0448,
      110.553,
      101.3057,
      77.4689,
      66.5193,
      77.5437,
      0.0,
      149.2705,
      136.6209,
      143.1207,
      84.7314,
      126.5329,
      102.2228,
      79.8419,
      167.1489,
      89.7021,
      75.6703,
      122.1746,
      96.2008,
      97.3781,
      131.521,
      96.0296,
      62.161,
      60.9817,
      111.4261
    ],
    [
      105.1054,
      71.2659,
      142.1502,
      97.6428,
      141.1796,
      214.9313,
      147.7991,
      48.922,
      134.5162,
      164.3705,
      96.1601,
      49.542,
      208.0178,
      151.0505,
      186.0694,
      149.2705,
      0.0,
      126.9811,
      20.2197,
      194.7593,
      50.2197,
      122.9838,
      131.0031,
      57.5607,
      206.3653,
      74.0765,
      127.4961,
      190.3095,
      140.3362,
      31.1312,
      109.8496,
      162.6669,
      89.5337,
      106.6616
    ],
    [
      101.9991,
      117.5532,
      159.1084,
      186.2541,
      178.5332,
      156.7188,
      202.1906,
      81.7782,
      42.5707,
      131.5665,
      179.5781,
      99.775,
      142.2105,
      187.2588,
      109.683,
      136.6209,
      126.9811,
      0.0,
      107.1215,
      218.7991,
      77.0201,
      193.4184,
      58.9269,
      181.2151,
      127.4706,
      114.632,
      15.4471,
      99.7447,
      47.0903,
      140.141,
      179.9038,
      96.0694,
      101.5426,
      29.3812
    ],
    [
      96.9367,
      69.1628,
      140.8276,
      109.5178,
      143.7465,
      204.365,
      154.0728,
      32.4202,
      117.1224,
      155.8071,
      106.6682,
      41.9811,
      196.2403,
      153.8376,
      172.3448,
      143.1207,
      20.2197,
      107.1215,
      0.0,
      196.7707,
      31.0543,
      131.6874,
      115.3267,
      77.3593,
      192.82,
      70.9158,
      108.3084,
      174.972,
      123.1236,
      44.5309,
      117.8489,
      149.3567,
      82.1702,
      87.9926
    ],
    [
      118.9903,
      128.2547,
      60.91,
      118.5484,
      53.5979,
      130.0194,
      58.2001,
      179.662,
      182.655,
      100.4845,
      113.3052,
      157.4508,
      140.5453,
      43.9046,
      154.5982,
      84.7314,
      194.7593,
      218.7991,
      196.7707,
      0.0,
      191.0076,
      87.4221,
      164.0358,
      186.8912,
      160.0962,
      127.4093,
      205.0785,
      175.2146,
      181.9392,
      167.3272,
      93.9329,
      144.596,
      125.8186,
      191.6136
    ],
    [
      79.4364,
      64.6045,
      131.5775,
      122.0502,
      140.3333,
      180.5557,
      156.034,
      11.526,
      86.6182,
      135.3943,
      117.255,
      35.9242,
      171.0065,
      150.3973,
      145.0317,
      126.5329,
      50.2197,
      77.0201,
      31.0543,
      191.0076,
      0.0,
      138.2766,
      86.4217,
      104.5783,
      165.556,
      64.3835,
      77.3508,
      145.9504,
      92.7253,
      65.2791,
      123.9904,
      122.7647,
      67.2495,
      56.9483
    ],
    [
      98.2639,
      76.9767,
      69.2367,
      31.7148,
      45.2196,
      176.3761,
      29.6851,
      127.1744,
      170.7254,
      126.2676,
      28.4388,
      102.607,
      179.5128,
      49.4409,
      177.2523,
      102.2228,
      122.9838,
      193.4184,
      131.6874,
      87.4221,
      138.2766,
      0.0,
      154.8004,
      101.655,
      191.4603,
      79.2578,
      183.8417,
      193.4,
      173.0808,
      92.2001,
      14.2874,
      157.5334,
      92.9854,
      164.0752
    ],
    [
      56.5481,
      88.5887,
      106.9735,
      156.4353,
      130.0871,
      101.9848,
      156.7291,
      82.9448,
      18.6236,
      72.6871,
      148.45,
      86.3066,
      89.3805,
      137.5543,
      59.8766,
      79.8419,
      131.0031,
      58.9269,
      115.3267,
      164.0358,
      86.4217,
      154.8004,
      0.0,
      173.7562,
      80.1661,
      84.4185,
      43.6726,
      59.6601,
      18.743,
      130.6052,
      143.0313,
      40.3175,
      64.2528,
      40.7397
    ],
    [
      132.5443,
      92.0266,
      147.8948,
      70.0882,
      136.1442,
      240.9632,
      131.0414,
      99.6757,
      181.4325,
      187.4267,
      73.8867,
      87.7071,
      237.5823,
      144.3241,
      221.6269,
      167.1489,
      57.5607,
      181.2151,
      77.3593,
      186.8912,
      104.5783,
      101.655,
      173.7562,
      0.0,
      240.7984,
      96.3301,
      179.4861,
      230.099,
      186.6002,
      43.2324,
      93.0116,
      198.0463,
      117.5105,
      157.6995
    ],
    [
      108.496,
      149.0036,
      124.6602,
      204.9749,
      151.9575,
      38.9359,
      180.6049,
      160.5812,
      87.8255,
      65.9884,
      196.3859,
      157.9843,
      22.6784,
      154.7448,
      20.5273,
      89.7021,
      206.3653,
      127.4706,
      192.82,
      160.0962,
      165.556,
      191.4603,
      80.1661,
      240.7984,
      0.0,
      144.634,
      113.0745,
      29.5643,
      81.9687,
      199.4452,
      184.0497,
      43.707,
      123.2886,
      119.1776
    ],
    [
      36.2185,
      4.4128,
      69.9506,
      73.2448,
      75.9754,
      145.7142,
      92.7601,
      52.8713,
      97.1523,
      92.9474,
      65.8411,
      30.0729,
      141.442,
      86.0609,
      125.8035,
      75.6703,
      74.0765,
      114.632,
      70.9158,
      127.4093,
      64.3835,
      79.2578,
      84.4185,
      96.3301,
      144.634,
      0.0,
      106.0999,
      135.9373,
      100.8264,
      56.8028,
      65.4449,
      102.4242,
      21.6677,
      85.4671
    ],
    [
      89.8065,
      109.3851,
      145.9543,
      178.8385,
      166.3998,
      141.508,
      190.9234,
      79.9778,
      27.145,
      116.3592,
      171.7758,
      94.8725,
      127.1816,
      174.8396,
      94.8461,
      122.1746,
      127.4961,
      15.4471,
      108.3084,
      205.0785,
      77.3508,
      183.8417,
      43.6726,
      179.4861,
      113.0745,
      106.0999,
      0.0,
      86.0166,
      31.8697,
      137.3022,
      170.67,
      80.6711,
      91.0674,
      22.0225
    ],
    [
      101.3596,
      140.3424,
      131.1443,
      202.4921,
      158.182,
      66.3702,
      186.9636,
      142.572,
      62.6952,
      75.3339,
      194.0082,
      144.0193,
      49.8179,
      162.6981,
      21.0572,
      96.2008,
      190.3095,
      99.7447,
      174.972,
      175.2146,
      145.9504,
      193.4,
      59.6601,
      230.099,
      29.5643,
      135.9373,
      86.0166,
      0.0,
      56.4662,
      187.4742,
      184.1691,
      35.8788,
      114.293,
      95.0617
    ],
    [
      74.9528,
      104.8362,
      125.5229,
      173.5803,
      148.8217,
      109.6506,
      175.455,
      91.4465,
      6.3202,
      87.8293,
      165.7489,
      98.9327,
      95.3427,
      156.2402,
      63.1928,
      97.3781,
      140.3362,
      47.0903,
      123.1236,
      181.9392,
      92.7253,
      173.0808,
      18.743,
      186.6002,
      81.9687,
      100.8264,
      31.8697,
      56.4662,
      0.0,
      143.3821,
      161.0805,
      49.1919,
      81.5505,
      38.7763
    ],
    [
      92.3018,
      52.8749,
      118.6004,
      66.5577,
      113.8681,
      202.4772,
      117.8898,
      58.4399,
      138.251,
      149.7181,
      65.0703,
      44.4747,
      197.7529,
      123.4226,
      179.8865,
      131.521,
      31.1312,
      140.141,
      44.5309,
      167.3272,
      65.2791,
      92.2001,
      130.6052,
      43.2324,
      199.4452,
      56.8028,
      137.3022,
      187.4742,
      143.3821,
      0.0,
      79.3996,
      156.225,
      76.7341,
      115.3573
    ],
    [
      86.7161,
      62.991,
      65.5234,
      26.0465,
      45.6217,
      171.5647,
      39.0581,
      112.8881,
      158.4607,
      119.919,
      19.5047,
      88.3243,
      173.4643,
      52.3491,
      168.8941,
      96.0296,
      109.8496,
      179.9038,
      117.8489,
      93.9329,
      123.9904,
      14.2874,
      143.0313,
      93.0116,
      184.0497,
      65.4449,
      170.67,
      184.1691,
      161.0805,
      79.3996,
      0.0,
      148.3163,
      80.2193,
      150.6127
    ],
    [
      66.84,
      106.8319,
      96.3867,
      166.9814,
      123.1003,
      61.7244,
      151.7701,
      117.2524,
      53.5349,
      44.4558,
      158.4634,
      114.329,
      49.2515,
      128.1589,
      23.6708,
      62.161,
      162.6669,
      96.0694,
      149.3567,
      144.596,
      122.7647,
      157.5334,
      40.3175,
      198.0463,
      43.707,
      102.4242,
      80.6711,
      35.8788,
      49.1919,
      156.225,
      148.3163,
      0.0,
      80.8165,
      81.0401
    ],
    [
      15.7653,
      26.0799,
      65.2493,
      92.1866,
      78.8948,
      126.3236,
      100.8217,
      56.668,
      78.5058,
      74.8546,
      84.246,
      40.5569,
      121.038,
      88.377,
      104.2632,
      60.9817,
      89.5337,
      101.5426,
      82.1702,
      125.8186,
      67.2495,
      92.9854,
      64.2528,
      117.5105,
      123.2886,
      21.6677,
      91.0674,
      114.293,
      81.5505,
      76.7341,
      80.2193,
      80.8165,
      0.0,
      72.225
    ],
    [
      73.5229,
      88.5186,
      131.303,
      157.6355,
      149.7414,
      142.7245,
      172.9702,
      58.474,
      32.467,
      109.7948,
      150.7645,
      72.8728,
      129.9419,
      158.6538,
      99.4285,
      111.4261,
      106.6616,
      29.3812,
      87.9926,
      191.6136,
      56.9483,
      164.0752,
      40.7397,
      157.6995,
      119.1776,
      85.4671,
      22.0225,
      95.0617,
      38.7763,
      115.3573,
      150.6127,
      81.0401,
      72.225,
      0.0
    ]
  ],
  "speed_matrix_kmh": [
    [
      0,
      40,
      40,
      80,
      30,
      80,
      30,
      60,
      80,
      80,
      60,
      40,
      60,
      80,
      60,
      80,
      60,
      30,
      60,
      30,
      30,
      30,
      60,
      30,
      40,
      40,
      40,
      60,
      40,
      80,
      40,
      80,
      40,
      40
    ],
    [
      40,
      0,
      80,
      60,
      30,
      30,
      40,
      80,
      60,
      80,
      40,
      60,
      80,
      40,
      30,
      60,
      60,
      30,
      30,
      40,
      60,
      40,
      60,
      60,
      40,
      80,
      30,
      40,
      40,
      30,
      60,
      30,
      40,
      40
    ],
    [
      30,
      30,
      0,
      30,
      60,
      40,
      60,
      60,
      30,
      60,
      80,
      80,
      30,
      40,
      80,
      30,
      60,
      60,
      60,
      30,
      60,
      60,
      30,
      80,
      40,
      60,
      30,
      40,
      80,
      80,
      60,
      60,
      80,
      30
    ],
    [
      80,
      60,
      40,
      0,
      80,
      60,
      40,
      80,
      80,
      30,
      80,
      30,
      80,
      60,
      30,
      40,
      60,
      40,
      40,
      80,
      80,
      80,
      60,
      40,
      60,
      60,
      60,
      40,
      60,
      80,
      60,
      30,
      30,
      40
    ],
    [
      60,
      30,
      40,
      60,
      0,
      60,
      60,
      80,
      40,
      60,
      40,
      60,
      40,
      80,
      40,
      80,
      40,
      30,
      40,
      60,
      60,
      80,
      40,
      30,
      30,
      80,
      60,
      30,
      60,
      30,
      80,
      60,
      30,
      80
    ],
    [
      30,
      30,
      30,
      80,
      60,
      0,
      40,
      60,
      80,
      80,
      30,
      80,
      40,
      30,
      60,
      80,
      80,
      40,
      80,
      60,
      80,
      40,
      40,
      80,
      60,
      40,
      40,
      30,
      60,
      30,
      80,
      30,
      60,
      30
    ],
    [
      60,
      60,
      60,
      80,
      80,
      80,
      0,
      40,
      80,
      60,
      30,
      40,
      80,
      40,
      60,
      80,
      80,
      30,
      30,
      80,
      60,
      80,
      30,
      30,
      40,
      40,
      30,
      30,
      30,
      30,
      80,
      40,
      40,
      80
    ],
    [
      80,
      60,
      60,
      60,
      30,
      80,
      30,
      0,
      30,
      80,
      30,
      40,
      40,
      30,
      60,
      60,
      80,
      40,
      80,
      80,
      40,
      30,
      60,
      30,
      80,
      80,
      30,
      30,
      60,
      30,
      60,
      80,
      60,
      40
    ],
    [
      40,
      80,
      80,
      30,
      60,
      30,
      40,
      60,
      0,
      80,
      60,
      80,
      60,
      60,
      30,
      40,
      80,
      80,
      40,
      40,
      40,
      80,
      40,
      30,
      80,
      30,
      80,
      80,
      80,
      40,
      40,
      40,
      30,
      40
    ],
    [
      30,
      80,
      30,
      80,
      80,
      40,
      30,
      80,
      80,
      0,
      80,
      60,
      40,
      80,
      60,
      60,
      40,
      30,
      80,
      40,
      30,
      60,
      40,
      80,
      60,
      30,
      40,
      80,
      80,
      40,
      30,
      60,
      30,
      60
    ],
    [
      40,
      30,
      40,
      80,
      80,
      60,
      40,
      60,
      30,
      60,
      0,
      30,
      60,
      30,
      60,
      80,
      60,
      30,
      80,
      80,
      80,
      60,
      60,
      40,
      30,
      80,
      80,
      30,
      40,
      80,
      30,
      80,
      80,
      60
    ],
    [
      30,
      60,
      60,
      30,
      80,
      60,
      30,
      30,
      30,
      60,
      80,
      0,
      80,
      30,
      30,
      80,
      60,
      60,
      40,
      60,
      80,
      60,
      80,
      30,
      30,
      80,
      60,
      40,
      80,
      80,
      40,
      60,
      60,
      30
    ],
    [
      30,
      80,
      80,
      80,
      80,
      80,
      80,
      60,
      80,
      60,
      30,
      60,
      0,
      80,
      30,
      40,
      60,
      40,
      30,
      30,
      30,
      80,
      40,
      40,
      80,
      60,
      30,
      30,
      80,
      60,
      30,
      30,
      80,
      80
    ],
    [
      80,
      60,
      30,
      30,
      40,
      40,
      60,
      40,
      80,
      40,
      80,
      60,
      80,
      0,
      40,
      80,
      30,
      80,
      60,
      60,
      60,
      60,
      60,
      40,
      60,
      60,
      60,
      60,
      40,
      80,
      40,
      60,
      30,
      40
    ],
    [
      30,
      30,
      60,
      30,
      40,
      80,
      80,
      30,
      30,
      30,
      60,
      80,
      80,
      80,
      0,
      40,
      30,
      30,
      30,
      80,
      80,
      60,
      80,
      30,
      40,
      30,
      80,
      60,
      60,
      60,
      30,
      30,
      40,
      60
    ],
    [
      60,
      80,
      30,
      80,
      60,
      40,
      30,
      40,
      40,
      60,
      30,
      60,
      80,
      30,
      40,
      0,
      80,
      30,
      80,
      30,
      80,
      40,
      30,
      80,
      60,
      80,
      60,
      60,
      40,
      80,
      40,
      80,
      40,
      40
    ],
    [
      80,
      30,
      80,
      60,
      80,
      80,
      80,
      40,
      40,
      80,
      80,
      40,
      80,
      40,
      60,
      60,
      0,
      30,
      60,
      40,
      60,
      60,
      30,
      60,
      60,
      80,
      30,
      60,
      30,
      30,
      30,
      60,
      60,
      30
    ],
    [
      40,
      80,
      60,
      40,
      80,
      30,
      60,
      60,
      60,
      60,
      80,
      40,
      30,
      60,
      40,
      80,
      40,
      0,
      30,
      30,
      80,
      30,
      60,
      30,
      80,
      80,
      30,
      30,
      30,
      80,
      40,
      80,
      40,
      40
    ],
    [
      40,
      80,
      40,
      30,
      80,
      60,
      30,
      60,
      40,
      60,
      80,
      30,
      30,
      40,
      40,
      30,
      60,
      60,
      0,
      60,
      60,
      30,
      40,
      30,
      60,
      40,
      60,
      30,
      60,
      30,
      60,
      60,
      30,
      60
    ],
    [
      60,
      30,
      60,
      30,
      30,
      30,
      30,
      80,
      30,
      60,
      60,
      30,
      30,
      30,
      60,
      30,
      60,
      80,
      40,
      0,
      60,
      40,
      80,
      80,
      80,
      30,
      60,
      40,
      80,
      40,
      40,
      30,
      80,
      30
    ],
    [
      60,
      80,
      80,
      30,
      40,
      60,
      40,
      40,
      60,
      40,
      60,
      30,
      60,
      60,
      60,
      60,
      40,
      60,
      40,
      40,
      0,
      80,
      80,
      60,
      40,
      40,
      60,
      30,
      30,
      80,
      60,
      80,
      30,
      80
    ],
    [
      40,
      80,
      80,
      60,
      30,
      40,
      60,
      80,
      40,
      30,
      80,
      80,
      60,
      30,
      80,
      40,
      40,
      30,
      80,
      40,
      30,
      0,
      30,
      30,
      40,
      60,
      30,
      60,
      80,
      30,
      60,
      60,
      80,
      30
    ],
    [
      60,
      80,
      80,
      60,
      30,
      40,
      80,
      30,
      30,
      30,
      80,
      80,
      80,
      30,
      80,
      80,
      80,
      40,
      60,
      80,
      60,
      80,
      0,
      60,
      80,
      40,
      30,
      40,
      60,
      40,
      80,
      30,
      40,
      80
    ],
    [
      80,
      60,
      30,
      60,
      40,
      80,
      40,
      30,
      30,
      40,
      80,
      60,
      30,
      60,
      80,
      40,
      80,
      60,
      80,
      80,
      40,
      60,
      60,
      0,
      30,
      80,
      80,
      80,
      30,
      40,
      60,
      80,
      80,
      80
    ],
    [
      30,
      60,
      30,
      60,
      80,
      80,
      40,
      80,
      30,
      60,
      30,
      80,
      60,
      40,
      40,
      80,
      30,
      30,
      60,
      80,
      40,
      80,
      80,
      40,
      0,
      60,
      80,
      60,
      60,
      30,
      80,
      60,
      80,
      40
    ],
    [
      60,
      40,
      60,
      30,
      30,
      60,
      80,
      80,
      40,
      60,
      60,
      30,
      30,
      60,
      80,
      80,
      60,
      30,
      40,
      30,
      40,
      40,
      60,
      30,
      80,
      0,
      40,
      40,
      30,
      80,
      40,
      30,
      80,
      40
    ],
    [
      30,
      60,
      80,
      40,
      60,
      60,
      40,
      40,
      40,
      40,
      80,
      40,
      40,
      80,
      30,
      80,
      30,
      30,
      80,
      60,
      80,
      60,
      30,
      60,
      60,
      80,
      0,
      40,
      80,
      60,
      30,
      30,
      40,
      60
    ],
    [
      30,
      60,
      30,
      30,
      80,
      60,
      40,
      40,
      30,
      40,
      30,
      80,
      30,
      40,
      80,
      80,
      30,
      30,
      80,
      80,
      40,
      30,
      30,
      60,
      80,
      80,
      60,
      0,
      30,
      40,
      40,
      30,
      40,
      60
    ],
    [
      30,
      60,
      80,
      60,
      60,
      30,
      30,
      80,
      30,
      80,
      80,
      60,
      40,
      30,
      40,
      30,
      30,
      30,
      80,
      60,
      40,
      30,
      80,
      60,
      80,
      60,
      40,
      30,
      0,
      60,
      60,
      30,
      80,
      60
    ],
    [
      80,
      60,
      60,
      80,
      30,
      40,
      80,
      30,
      40,
      60,
      40,
      80,
      30,
      30,
      60,
      30,
      60,
      30,
      80,
      60,
      60,
      40,
      40,
      60,
      60,
      60,
      80,
      40,
      40,
      0,
      80,
      40,
      30,
      60
    ],
    [
      40,
      80,
      40,
      40,
      30,
      60,
      40,
      60,
      40,
      40,
      80,
      40,
      60,
      60,
      80,
      40,
      40,
      60,
      60,
      60,
      40,
      40,
      40,
      30,
      40,
      30,
      60,
      30,
      80,
      80,
      0,
      80,
      60,
      80
    ],
    [
      60,
      30,
      80,
      30,
      40,
      40,
      80,
      60,
      80,
      40,
      30,
      60,
      60,
      30,
      80,
      80,
      80,
      80,
      30,
      40,
      30,
      40,
      30,
      80,
      60,
      80,
      60,
      60,
      60,
      60,
      60,
      0,
      40,
      40
    ],
    [
      60,
      30,
      80,
      40,
      60,
      30,
      80,
      60,
      80,
      80,
      80,
      30,
      60,
      40,
      30,
      30,
      80,
      80,
      30,
      30,
      30,
      60,
      40,
      30,
      80,
      30,
      60,
      60,
      40,
      40,
      40,
      40,
      0,
      60
    ],
    [
      60,
      60,
      80,
      80,
      60,
      40,
      40,
      30,
      40,
      60,
      60,
      60,
      30,
      30,
      30,
      60,
      30,
      30,
      40,
      80,
      40,
      40,
      60,
      80,
      60,
      40,
      60,
      60,
      30,
      80,
      60,
      40,
      40,
      0
    ]
  ]
}