{
  "name": "C25R6-1",
  "n_customers": 25,
  "n_stations": 6,
  "total_nodes": 32,
  "parameters": {
    "vehicle_capacity_tons": 3.0,
    "battery_capacity_kwh": 110.0,
    "curb_weight_kg": 2500,
    "alpha": 0.0981,
    "beta": 2.11,
    "eff_motor": 1.25,
    "eff_battery_discharge": 1.11,
    "eff_recharge": 1.25,
    "emission_rate_kg_per_kwh": 0.69,
    "max_vehicles": 3,
    "grid_size_miles": 200,
    "miles_to_meters": 1609.34
  },
  "depot": {
    "id": 0,
    "x": 100.0,
    "y": 100.0
  },
  "customers": [
    {
      "id": 1,
      "x": 70.57,
      "y": 72.1,
      "demand_tons": 0.0897
    },
    {
      "id": 2,
      "x": 61.04,
      "y": 143.21,
      "demand_tons": 0.132
    },
    {
      "id": 3,
      "x": 1.02,
      "y": 75.36,
      "demand_tons": 0.0982
    },
    {
      "id": 4,
      "x": 34.03,
      "y": 138.97,
      "demand_tons": 0.0903
    },
    {
      "id": 5,
      "x": 154.03,
      "y": 196.46,
      "demand_tons": 0.099
    },
    {
      "id": 6,
      "x": 5.3,
      "y": 136.56,
      "demand_tons": 0.1095
    },
    {
      "id": 7,
      "x": 103.53,
      "y": 30.49,
      "demand_tons": 0.1492
    },
    {
      "id": 8,
      "x": 171.03,
      "y": 83.13,
      "demand_tons": 0.0685
    },
    {
      "id": 9,
      "x": 118.21,
      "y": 156.42,
      "demand_tons": 0.0916
    },
    {
      "id": 10,
      "x": 8.6,
      "y": 79.4,
      "demand_tons": 0.0611
    },
    {
      "id": 11,
      "x": 84.68,
      "y": 46.31,
      "demand_tons": 0.0892
    },
    {
      "id": 12,
      "x": 164.41,
      "y": 183.51,
      "demand_tons": 0.0875
    },
    {
      "id": 13,
      "x": 29.59,
      "y": 148.08,
      "demand_tons": 0.0656
    },
    {
      "id": 14,
      "x": 173.49,
      "y": 151.85,
      "demand_tons": 0.0901
    },
    {
      "id": 15,
      "x": 96.1,
      "y": 146.97,
      "demand_tons": 0.075
    },
    {
      "id": 16,
      "x": 64.42,
      "y": 1.1,
      "demand_tons": 0.1214
    },
    {
      "id": 17,
      "x": 184.39,
      "y": 42.71,
      "demand_tons": 0.0699
    },
    {
      "id": 18,
      "x": 84.38,
      "y": 4.33,
      "demand_tons": 0.146
    },
    {
      "id": 19,
      "x": 24.1,
      "y": 191.64,
      "demand_tons": 0.0845
    },
    {
      "id": 20,
      "x": 110.42,
      "y": 21.25,
      "demand_tons": 0.1162
    },
    {
      "id": 21,
      "x": 1.99,
      "y": 107.06,
      "demand_tons": 0.1093
    },
    {
      "id": 22,
      "x": 156.28,
      "y": 94.5,
      "demand_tons": 0.1247
    },
    {
      "id": 23,
      "x": 7.03,
      "y": 5.53,
      "demand_tons": 0.0658
    },
    {
      "id": 24,
      "x": 182.75,
      "y": 170.17,
      "demand_tons": 0.0743
    },
    {
      "id": 25,
      "x": 74.26,
      "y": 74.52,
      "demand_tons": 0.111
    }
  ],
  "stations": [
    {
      "id": 26,
      "x": 62.53,
      "y": 166.18
    },
    {
      "id": 27,
      "x": 178.39,
      "y": 153.53
    },
    {
      "id": 28,
      "x": 71.19,
      "y": 39.84
    },
    {
      "id": 29,
      "x": 165.18,
      "y": 102.86
    },
    {
      "id": 30,
      "x": 58.26,
      "y": 59.91
    },
    {
      "id": 31,
      "x": 43.94,
      "y": 165.97
    }
  ],
  "distance_matrix_miles": [
    [
      0.0,
      40.5529,
      58.1806,
      102.0008,
      76.6205,
      110.5612,
      101.5122,
      69.5996,
      73.0059,
      59.2859,
      93.6927,
      55.833,
      105.4636,
      85.2599,
      89.94,
      47.1316,
      105.1054,
      101.9991,
      96.9367,
      118.9903,
      79.4364,
      98.2639,
      56.5481,
      132.5443,
      108.496,
      36.2185,
      76.0513,
      94.9234,
      66.7026,
      65.2427,
      57.8743,
      86.5723
    ],
    [
      40.5529,
      0.0,
      71.7458,
      69.6264,
      76.2022,
      149.7698,
      91.7348,
      53.0825,
      101.0637,
      96.8475,
      62.3985,
      29.3976,
      145.6645,
      86.3268,
      130.2021,
      79.1031,
      71.2659,
      117.5532,
      69.1628,
      128.2547,
      64.6045,
      76.9767,
      88.5887,
      92.0266,
      149.0036,
      4.4128,
      94.4229,
      135.1148,
      32.266,
      99.4848,
      17.3243,
      97.5742
    ],
    [
      58.1806,
      71.7458,
      0.0,
      90.5871,
      27.3408,
      107.1574,
      56.1353,
      120.4624,
      125.3292,
      58.6763,
      82.5934,
      99.742,
      110.9479,
      31.8248,
      112.7814,
      35.261,
      142.1502,
      159.1084,
      140.8276,
      60.91,
      131.5775,
      69.2367,
      106.9735,
      147.8948,
      124.6602,
      69.9506,
      23.0183,
      117.8029,
      103.8671,
      111.6838,
      83.3464,
      28.468
    ],
    [
      102.0008,
      69.6264,
      90.5871,
      0.0,
      71.6651,
      195.134,
      61.3495,
      111.9,
      170.1875,
      142.4929,
      8.5894,
      88.5601,
      195.9406,
      78.1309,
      188.6707,
      119.0302,
      97.6428,
      186.2541,
      109.5178,
      118.5484,
      122.0502,
      31.7148,
      156.4353,
      70.0882,
      204.9749,
      73.2448,
      109.6893,
      193.8315,
      78.6479,
      166.4475,
      59.2884,
      100.2612
    ],
    [
      76.6205,
      76.2022,
      27.3408,
      71.6651,
      0.0,
      133.0605,
      28.8309,
      128.8338,
      147.9429,
      85.9696,
      64.7709,
      105.5997,
      137.7779,
      10.1344,
      140.0535,
      62.5834,
      141.1796,
      178.5332,
      143.7465,
      53.5979,
      140.3333,
      45.2196,
      130.0871,
      136.1442,
      151.9575,
      75.9754,
      39.4035,
      145.0924,
      105.8661,
      136.0303,
      82.6896,
      28.7612
    ],
    [
      110.5612,
      149.7698,
      107.1574,
      195.134,
      133.0605,
      0.0,
      160.3391,
      173.4828,
      114.5979,
      53.7241,
      186.6894,
      165.3918,
      16.5966,
      133.5138,
      48.6697,
      76.1915,
      214.9313,
      156.7188,
      204.365,
      130.0194,
      180.5557,
      176.3761,
      101.9848,
      240.9632,
      38.9359,
      145.7142,
      96.3801,
      49.3598,
      177.1787,
      94.2618,
      166.7867,
      114.2342
    ],
    [
      101.5122,
      91.7348,
      56.1353,
      61.3495,
      28.8309,
      160.3391,
      0.0,
      144.5682,
      174.1298,
      114.6433,
      57.2552,
      120.1925,
      165.8924,
      26.8833,
      168.8836,
      91.3948,
      147.7991,
      202.1906,
      154.0728,
      58.2001,
      156.034,
      29.6851,
      156.7291,
      131.0414,
      180.6049,
      92.7601,
      64.4408,
      173.9199,
      117.031,
      163.3931,
      93.1664,
      48.5592
    ],
    [
      69.5996,
      53.0825,
      120.4624,
      111.9,
      128.8338,
      173.4828,
      144.5682,
      0.0,
      85.5992,
      126.7828,
      106.789,
      24.6088,
      164.686,
      138.9048,
      140.0809,
      116.7167,
      48.922,
      81.7782,
      32.4202,
      179.662,
      11.526,
      127.1744,
      82.9448,
      99.6757,
      160.5812,
      52.8713,
      141.749,
      144.0238,
      33.6645,
      95.0691,
      53.9899,
      148.0061
    ],
    [
      73.0059,
      101.0637,
      125.3292,
      170.1875,
      147.9429,
      114.5979,
      174.1298,
      85.5992,
      0.0,
      90.3403,
      162.4728,
      93.8724,
      100.5981,
      155.6399,
      68.764,
      98.4381,
      134.5162,
      42.5707,
      117.1224,
      182.655,
      86.6182,
      170.7254,
      18.6236,
      181.4325,
      87.8255,
      97.1523,
      136.6366,
      70.7837,
      108.8212,
      20.579,
      115.1358,
      151.7048
    ],
    [
      59.2859,
      96.8475,
      58.6763,
      142.4929,
      85.9696,
      53.7241,
      114.6433,
      126.7828,
      90.3403,
      0.0,
      133.9643,
      115.102,
      53.5566,
      89.0116,
      55.4686,
      24.0448,
      164.3705,
      131.5665,
      155.8071,
      100.4845,
      135.3943,
      126.2676,
      72.6871,
      187.4267,
      65.9884,
      92.9474,
      56.5289,
      60.2494,
      125.7051,
      71.238,
      113.6142,
      74.8815
    ],
    [
      93.6927,
      62.3985,
      82.5934,
      8.5894,
      64.7709,
      186.6894,
      57.2552,
      106.789,
      162.4728,
      133.9643,
      0.0,
      82.9645,
      187.3917,
      71.8159,
      180.1047,
      110.553,
      96.1601,
      179.5781,
      106.6682,
      113.3052,
      117.255,
      28.4388,
      148.45,
      73.8867,
      196.3859,
      65.8411,
      102.1725,
      185.2671,
      74.0439,
      158.3277,
      53.3477,
      93.5055
    ],
    [
      55.833,
      29.3976,
      99.742,
      88.5601,
      105.5997,
      165.3918,
      120.1925,
      24.6088,
      93.8724,
      115.102,
      82.9645,
      0.0,
      158.6843,
      115.724,
      137.9344,
      101.3057,
      49.542,
      99.775,
      41.9811,
      157.4508,
      35.9242,
      102.607,
      86.3066,
      87.7071,
      157.9843,
      30.0729,
      121.8993,
      142.3998,
      14.9613,
      98.3776,
      29.7149,
      126.4052
    ],
    [
      105.4636,
      145.6645,
      110.9479,
      195.9406,
      137.7779,
      16.5966,
      165.8924,
      164.686,
      100.5981,
      53.5566,
      187.3917,
      158.6843,
      0.0,
      139.3977,
      32.9363,
      77.4689,
      208.0178,
      142.2105,
      196.2403,
      140.5453,
      171.0065,
      179.5128,
      89.3805,
      237.5823,
      22.6784,
      141.442,
      103.3434,
      33.0793,
      171.2631,
      80.6537,
      162.9257,
      121.7402
    ],
    [
      85.2599,
      86.3268,
      31.8248,
      78.1309,
      10.1344,
      133.5138,
      26.8833,
      138.9048,
      155.6399,
      89.0116,
      71.8159,
      115.724,
      139.3977,
      0.0,
      143.9494,
      66.5193,
      151.0505,
      187.2588,
      153.8376,
      43.9046,
      150.3973,
      49.4409,
      137.5543,
      144.3241,
      154.7448,
      86.0609,
      37.5853,
      148.8998,
      115.9589,
      142.9318,
      92.7142,
      22.9341
    ],
    [
      89.94,
      130.2021,
      112.7814,
      188.6707,
      140.0535,
      48.6697,
      168.8836,
      140.0809,
      68.764,
      55.4686,
      180.1047,
      137.9344,
      32.9363,
      143.9494,
      0.0,
      77.5437,
      186.0694,
      109.683,
      172.3448,
      154.5982,
      145.0317,
      177.2523,
      59.8766,
      221.6269,
      20.5273,
      125.8035,
      111.8815,
      5.18,
      151.6955,
      49.6898,
      147.4141,
      130.3172
    ],
    [
      47.1316,
      79.1031,
      35.261,
      119.0302,
      62.5834,
      76.1915,
      91.3948,
      116.7167,
      98.4381,
      24.0448,
      110.553,
      101.3057,
      77.4689,
      66.5193,
      77.5437,
      0.0,
      149.2705,
      136.6209,
      143.1207,
      84.7314,
      126.5329,
      102.2228,
      79.8419,
      167.1489,
      89.7021,
      75.6703,
      38.6778,
      82.5511,
      109.9879,
      81.9618,
      94.9279,
      55.5128
    ],
    [
      105.1054,
      71.2659,
      142.1502,
      97.6428,
      141.1796,
      214.9313,
      147.7991,
      48.922,
      134.5162,
      164.3705,
      96.1601,
      49.542,
      208.0178,
      151.0505,
      186.0694,
      149.2705,
      0.0,
      126.9811,
      20.2197,
      194.7593,
      50.2197,
      122.9838,
      131.0031,
      57.5607,
      206.3653,
      74.0765,
      165.0908,
      190.3262,
      39.3271,
      143.205,
      59.1317,
      166.1371
    ],
    [
      101.9991,
      117.5532,
      159.1084,
      186.2541,
      178.5332,
      156.7188,
      202.1906,
      81.7782,
      42.5707,
      131.5665,
      179.5781,
      99.775,
      142.2105,
      187.2588,
      109.683,
      136.6209,
      126.9811,
      0.0,
      107.1215,
      218.7991,
      77.0201,
      193.4184,
      58.9269,
      181.2151,
      127.4706,
      114.632,
      173.4782,
      110.9823,
      113.2364,
      63.1431,
      127.2974,
      186.8669
    ],
    [
      96.9367,
      69.1628,
      140.8276,
      109.5178,
      143.7465,
      204.365,
      154.0728,
      32.4202,
      117.1224,
      155.8071,
      106.6682,
      41.9811,
      196.2403,
      153.8376,
      172.3448,
      143.1207,
      20.2197,
      107.1215,
      0.0,
      196.7707,
      31.0543,
      131.6874,
      115.3267,
      77.3593,
      192.82,
      70.9158,
      163.3182,
      176.3477,
      37.8806,
      127.4237,
      61.4117,
      166.622
    ],
    [
      118.9903,
      128.2547,
      60.91,
      118.5484,
      53.5979,
      130.0194,
      58.2001,
      179.662,
      182.655,
      100.4845,
      113.3052,
      157.4508,
      140.5453,
      43.9046,
      154.5982,
      84.7314,
      194.7593,
      218.7991,
      196.7707,
      0.0,
      191.0076,
      87.4221,
      164.0358,
      186.8912,
      160.0962,
      127.4093,
      46.0986,
      158.927,
      158.9362,
      166.6897,
      136.0871,
      32.4434
    ],
    [
      79.4364,
      64.6045,
      131.5775,
      122.0502,
      140.3333,
      180.5557,
      156.034,
      11.526,
      86.6182,
      135.3943,
      117.255,
      35.9242,
      171.0065,
      150.3973,
      145.0317,
      126.5329,
      50.2197,
      77.0201,
      31.0543,
      191.0076,
      0.0,
      138.2766,
      86.4217,
      104.5783,
      165.556,
      64.3835,
      152.6373,
      148.7209,
      43.4118,
      98.2794,
      64.925,
      159.2591
    ],
    [
      98.2639,
      76.9767,
      69.2367,
      31.7148,
      45.2196,
      176.3761,
      29.6851,
      127.1744,
      170.7254,
      126.2676,
      28.4388,
      102.607,
      179.5128,
      49.4409,
      177.2523,
      102.2228,
      122.9838,
      193.4184,
      131.6874,
      87.4221,
      138.2766,
      0.0,
      154.8004,
      101.655,
      191.4603,
      79.2578,
      84.6184,
      182.4183,
      96.4737,
      163.244,
      73.4128,
      72.3201
    ],
    [
      56.5481,
      88.5887,
      106.9735,
      156.4353,
      130.0871,
      101.9848,
      156.7291,
      82.9448,
      18.6236,
      72.6871,
      148.45,
      86.3066,
      89.3805,
      137.5543,
      59.8766,
      79.8419,
      131.0031,
      58.9269,
      115.3267,
      164.0358,
      86.4217,
      154.8004,
      0.0,
      173.7562,
      80.1661,
      84.4185,
      118.0131,
      63.0349,
      101.1337,
      12.2106,
      103.9442,
      133.1474
    ],
    [
      132.5443,
      92.0266,
      147.8948,
      70.0882,
      136.1442,
      240.9632,
      131.0414,
      99.6757,
      181.4325,
      187.4267,
      73.8867,
      87.7071,
      237.5823,
      144.3241,
      221.6269,
      167.1489,
      57.5607,
      181.2151,
      77.3593,
      186.8912,
      104.5783,
      101.655,
      173.7562,
      0.0,
      240.7984,
      96.3301,
      169.9667,
      226.4249,
      72.7577,
      185.7002,
      74.7108,
      164.6309
    ],
    [
      108.496,
      149.0036,
      124.6602,
      204.9749,
      151.9575,
      38.9359,
      180.6049,
      160.5812,
      87.8255,
      65.9884,
      196.3859,
      157.9843,
      22.6784,
      154.7448,
      20.5273,
      89.7021,
      206.3653,
      127.4706,
      192.82,
      160.0962,
      165.556,
      191.4603,
      80.1661,
      240.7984,
      0.0,
      144.634,
      120.2862,
      17.2017,
      171.5562,
      69.5654,
      166.298,
      138.8735
    ],
    [
      36.2185,
      4.4128,
      69.9506,
      73.2448,
      75.9754,
      145.7142,
      92.7601,
      52.8713,
      97.1523,
      92.9474,
      65.8411,
      30.0729,
      141.442,
      86.0609,
      125.8035,
      75.6703,
      74.0765,
      114.632,
      70.9158,
      127.4093,
      64.3835,
      79.2578,
      84.4185,
      96.3301,
      144.634,
      0.0,
      92.4075,
      130.712,
      34.8156,
      95.2345,
      21.6668,
      96.3452
    ],
    [
      76.0513,
      94.4229,
      23.0183,
      109.6893,
      39.4035,
      96.3801,
      64.4408,
      141.749,
      136.6366,
      56.5289,
      102.1725,
      121.8993,
      103.3434,
      37.5853,
      111.8815,
      38.6778,
      165.0908,
      173.4782,
      163.3182,
      46.0986,
      152.6373,
      84.6184,
      118.0131,
      169.9667,
      120.2862,
      92.4075,
      0.0,
      116.5485,
      126.6365,
      120.6086,
      106.3558,
      18.5912
    ],
    [
      94.9234,
      135.1148,
      117.8029,
      193.8315,
      145.0924,
      49.3598,
      173.9199,
      144.0238,
      70.7837,
      60.2494,
      185.2671,
      142.3998,
      33.0793,
      148.8998,
      5.18,
      82.5511,
      190.3262,
      110.9823,
      176.3477,
      158.927,
      148.7209,
      182.4183,
      63.0349,
      226.4249,
      17.2017,
      130.712,
      116.5485,
      0.0,
      156.2602,
      52.3637,
      152.3021,
      135.0243
    ],
    [
      66.7026,
      32.266,
      103.8671,
      78.6479,
      105.8661,
      177.1787,
      117.031,
      33.6645,
      108.8212,
      125.7051,
      74.0439,
      14.9613,
      171.2631,
      115.9589,
      151.6955,
      109.9879,
      39.3271,
      113.2364,
      37.8806,
      158.9362,
      43.4118,
      96.4737,
      101.1337,
      72.7577,
      171.5562,
      34.8156,
      126.6365,
      156.2602,
      0.0,
      113.162,
      23.8745,
      129.0401
    ],
    [
      65.2427,
      99.4848,
      111.6838,
      166.4475,
      136.0303,
      94.2618,
      163.3931,
      95.0691,
      20.579,
      71.238,
      158.3277,
      98.3776,
      80.6537,
      142.9318,
      49.6898,
      81.9618,
      143.205,
      63.1431,
      127.4237,
      166.6897,
      98.2794,
      163.244,
      12.2106,
      185.7002,
      69.5654,
      95.2345,
      120.6086,
      52.3637,
      113.162,
      0.0,
      115.2241,
      136.6821
    ],
    [
      57.8743,
      17.3243,
      83.3464,
      59.2884,
      82.6896,
      166.7867,
      93.1664,
      53.9899,
      115.1358,
      113.6142,
      53.3477,
      29.7149,
      162.9257,
      92.7142,
      147.4141,
      94.9279,
      59.1317,
      127.2974,
      61.4117,
      136.0871,
      64.925,
      73.4128,
      103.9442,
      74.7108,
      166.298,
      21.6668,
      106.3558,
      152.3021,
      23.8745,
      115.2241,
      0.0,
      107.0224
    ],
    [
      86.5723,
      97.5742,
      28.468,
      100.2612,
      28.7612,
      114.2342,
      48.5592,
      148.0061,
      151.7048,
      74.8815,
      93.5055,
      126.4052,
      121.7402,
      22.9341,
      130.3172,
      55.5128,
      166.1371,
      186.8669,
      166.622,
      32.4434,
      159.2591,
      72.3201,
      133.1474,
      164.6309,
      138.8735,
      96.3452,
      18.5912,
      135.0243,
      129.0401,
      136.6821,
      107.0224,
      0.0
    ]
  ],
  "speed_matrix_kmh": [
    [
      0,
      80,
      60,
      30,
      80,
      30,
      80,
      30,
      30,
      80,
      40,
      60,
      80,
      30,
      80,
      60,
      80,
      60,
      30,
      60,
      40,
      60,
      40,
      30,
      60,
      30,
      80,
      80,
      60,
      60,
      40,
      30
    ],
    [
      60,
      0,
      60,
      40,
      80,
      80,
      40,
      40,
      80,
      80,
      80,
      60,
      30,
      30,
      30,
      80,
      40,
      30,
      40,
      80,
      80,
      30,
      60,
      30,
      60,
      40,
      80,
      60,
      60,
      30,
      40,
      30
    ],
    [
      40,
      60,
      0,
      40,
      80,
      80,
      30,
      40,
      80,
      30,
      60,
      30,
      30,
      30,
      80,
      60,
      80,
      30,
      40,
      80,
      80,
      60,
      80,
      30,
      80,
      80,
      80,
      60,
      80,
      40,
      80,
      80
    ],
    [
      40,
      80,
      60,
      0,
      80,
      60,
      80,
      80,
      80,
      30,
      30,
      40,
      40,
      80,
      30,
      40,
      80,
      30,
      40,
      80,
      80,
      80,
      60,
      30,
      30,
      80,
      40,
      80,
      80,
      40,
      30,
      30
    ],
    [
      40,
      60,
      80,
      80,
      0,
      60,
      40,
      60,
      80,
      60,
      30,
      40,
      80,
      60,
      80,
      80,
      80,
      80,
      60,
      80,
      60,
      30,
      80,
      60,
      30,
      80,
      40,
      80,
      60,
      60,
      30,
      30
    ],
    [
      30,
      60,
      40,
      30,
      80,
      0,
      40,
      30,
      40,
      30,
      60,
      80,
      60,
      80,
      40,
      60,
      30,
      30,
      40,
      40,
      40,
      40,
      40,
      60,
      80,
      30,
      60,
      30,
      40,
      30,
      40,
      80
    ],
    [
      30,
      40,
      40,
      60,
      60,
      80,
      0,
      60,
      60,
      60,
      40,
      30,
      40,
      40,
      40,
      40,
      60,
      80,
      60,
      60,
      30,
      40,
      60,
      30,
      30,
      80,
      80,
      40,
      30,
      60,
      60,
      60
    ],
    [
      30,
      60,
      60,
      40,
      40,
      60,
      80,
      0,
      30,
      80,
      60,
      60,
      60,
      30,
      40,
      40,
      30,
      40,
      40,
      40,
      80,
      60,
      60,
      30,
      40,
      80,
      60,
      80,
      40,
      80,
      80,
      40
    ],
    [
      30,
      80,
      80,
      30,
      40,
      30,
      60,
      60,
      0,
      80,
      80,
      80,
      80,
      60,
      80,
      60,
      80,
      80,
      30,
      80,
      80,
      80,
      40,
      40,
      40,
      30,
      60,
      40,
      60,
      80,
      60,
      30
    ],
    [
      80,
      40,
      40,
      80,
      80,
      80,
      60,
      60,
      80,
      0,
      40,
      80,
      40,
      30,
      60,
      60,
      40,
      60,
      40,
      80,
      60,
      30,
      80,
      60,
      60,
      30,
      30,
      40,
      40,
      60,
      30,
      80
    ],
    [
      40,
      60,
      40,
      30,
      80,
      30,
      30,
      30,
      60,
      40,
      0,
      60,
      30,
      80,
      30,
      40,
      60,
      30,
      40,
      80,
      80,
      60,
      30,
      80,
      80,
      30,
      40,
      40,
      60,
      80,
      80,
      40
    ],
    [
      80,
      60,
      30,
      40,
      30,
      60,
      30,
      30,
      40,
      80,
      80,
      0,
      30,
      60,
      30,
      40,
      30,
      40,
      60,
      60,
      80,
      80,
      80,
      30,
      30,
      30,
      60,
      80,
      40,
      30,
      30,
      30
    ],
    [
      80,
      40,
      30,
      40,
      60,
      80,
      80,
      30,
      30,
      40,
      60,
      30,
      0,
      40,
      40,
      60,
      40,
      40,
      80,
      30,
      40,
      60,
      60,
      60,
      40,
      40,
      40,
      80,
      80,
      80,
      60,
      30
    ],
    [
      30,
      80,
      60,
      80,
      60,
      40,
      40,
      80,
      30,
      60,
      80,
      60,
      80,
      0,
      80,
      80,
      30,
      40,
      80,
      30,
      80,
      40,
      40,
      30,
      60,
      60,
      60,
      40,
      80,
      60,
      30,
      80
    ],
    [
      60,
      40,
      80,
      60,
      80,
      60,
      30,
      60,
      80,
      60,
      60,
      30,
      30,
      30,
      0,
      40,
      40,
      40,
      40,
      40,
      40,
      60,
      30,
      80,
      40,
      80,
      30,
      40,
      60,
      60,
      40,
      80
    ],
    [
      40,
      80,
      80,
      80,
      60,
      80,
      40,
      30,
      30,
      80,
      30,
      80,
      40,
      40,
      40,
      0,
      80,
      40,
      80,
      40,
      80,
      40,
      40,
      30,
      30,
      60,
      30,
      40,
      80,
      80,
      60,
      30
    ],
    [
      80,
      60,
      80,
      60,
      40,
      40,
      40,
      80,
      30,
      80,
      40,
      80,
      80,
      80,
      60,
      40,
      0,
      80,
      30,
      80,
      40,
      40,
      80,
      80,
      80,
      40,
      30,
      80,
      80,
      80,
      30,
      30
    ],
    [
      30,
      80,
      80,
      60,
      30,
      60,
      40,
      40,
      60,
      60,
      80,
      80,
      30,
      80,
      60,
      60,
      60,
      0,
      60,
      80,
      40,
      40,
      80,
      60,
      80,
      60,
      80,
      30,
      40,
      40,
      60,
      30
    ],
    [
      30,
      30,
      40,
      80,
      80,
      40,
      30,
      30,
      60,
      80,
      60,
      60,
      80,
      60,
      80,
      30,
      30,
      30,
      0,
      40,
      30,
      80,
      30,
      60,
      30,
      40,
      30,
      60,
      30,
      80,
      40,
      40
    ],
    [
      40,
      40,
      80,
      30,
      80,
      30,
      80,
      30,
      40,
      80,
      40,
      80,
      40,
      30,
      80,
      40,
      80,
      60,
      30,
      0,
      40,
      80,
      30,
      40,
      40,
      60,
      80,
      40,
      30,
      40,
      30,
      40
    ],
    [
      30,
      80,
      80,
      40,
      60,
      60,
      80,
      30,
      80,
      80,
      30,
      30,
      40,
      80,
      80,
      80,
      80,
      40,
      40,
      80,
      0,
      60,
      80,
      60,
      60,
      80,
      30,
      40,
      40,
      40,
      60,
      30
    ],
    [
      40,
      60,
      30,
      30,
      40,
      30,
      60,
      60,
      80,
      30,
      30,
      30,
      60,
      80,
      40,
      30,
      60,
      80,
      60,
      30,
      60,
      0,
      40,
      30,
      30,
      80,
      30,
      30,
      60,
      60,
      30,
      80
    ],
    [
      30,
      80,
      60,
      40,
      30,
      40,
      40,
      40,
      60,
      80,
      30,
      80,
      30,
      40,
      60,
      40,
      40,
      40,
      40,
      40,
      40,
      40,
      0,
      60,
      80,
      40,
      80,
      40,
      30,
      30,
      80,
      80
    ],
    [
      40,
      80,
      80,
      40,
      40,
      40,
      60,
      80,
      40,
      40,
      80,
      80,
      80,
      80,
      60,
      80,
      60,
      60,
      80,
      40,
      80,
      40,
      40,
      0,
      40,
      80,
      40,
      60,
      30,
      80,
      80,
      80
    ],
    [
      30,
      40,
      40,
      40,
      30,
      60,
      30,
      60,
      30,
      30,
      80,
      60,
      80,
      80,
      80,
      30,
      80,
      40,
      30,
      30,
      30,
      60,
      80,
      60,
      0,
      60,
      60,
      80,
      60,
      80,
      60,
      30
    ],
    [
      30,
      80,
      80,
      80,
      40,
      30,
      30,
      60,
      80,
      40,
      30,
      40,
      30,
      80,
      40,
      30,
      80,
      40,
      60,
      80,
      30,
      30,
      60,
      30,
      80,
      0,
      60,
      30,
      80,
      30,
      40,
      60
    ],
    [
      80,
      30,
      30,
      40,
      60,
      30,
      40,
      60,
      40,
      80,
      60,
      40,
      60,
      80,
      40,
      30,
      60,
      40,
      30,
      80,
      40,
      40,
      30,
      40,
      60,
      30,
      0,
      40,
      40,
      40,
      80,
      60
    ],
    [
      40,
      80,
      80,
      30,
      30,
      80,
      30,
      80,
      40,
      80,
      30,
      60,
      80,
      30,
      60,
      40,
      80,
      30,
      80,
      30,
      80,
      40,
      60,
      60,
      40,
      80,
      40,
      0,
      30,
      30,
      30,
      80
    ],
    [
      60,
      80,
      80,
      60,
      40,
      60,
      60,
      60,
      30,
      30,
      30,
      40,
      80,
      60,
      40,
      60,
      80,
      80,
      40,
      80,
      30,
      40,
      60,
      30,
      40,
      40,
      30,
      80,
      0,
      40,
      40,
      40
    ],
    [
      80,
      30,
      60,
      30,
      40,
      40,
      30,
      80,
      60,
      60,
      60,
      30,
      40,
      30,
      80,
      40,
      60,
      40,
      40,
      80,
      40,
      40,
      30,
      30,
      80,
      60,
      40,
      80,
      30,
      0,
      30,
      60
    ],
    [
      80,
      30,
      40,
      60,
      40,
      40,
      30,
      60,
      80,
      60,
      30,
      40,
      80,
      80,
      30,
      60,
      60,
      40,
      30,
      30,
      60,
      80,
      60,
      80,
      60,
      80,
      30,
      60,
      30,
      60,
      0,
      30
    ],
    [
      30,
      30,
      40,
      40,
      80,
      40,
      80,
      60,
      60,
      60,
      30,
      80,
      40,
      80,
      60,
      40,
      60,
      40,
      40,
      40,
      80,
      30,
      30,
      30,
      60,
      30,
      30,
      80,
      30,
      40,
      40,
      0
    ]
  ]
}