{
  "name": "C50R2-1",
  "n_customers": 50,
  "n_stations": 2,
  "total_nodes": 53,
  "parameters": {
    "vehicle_capacity_tons": 3.0,
    "battery_capacity_kwh": 110.0,
    "curb_weight_kg": 2500,
    "alpha": 0.0981,
    "beta": 2.11,
    "eff_motor": 1.25,
    "eff_battery_discharge": 1.11,
    "eff_recharge": 1.25,
    "emission_rate_kg_per_kwh": 0.69,
    "max_vehicles": 4,
    "grid_size_miles": 200,
    "miles_to_meters": 1609.34
  },
  "depot": {
    "id": 0,
    "x": 100.0,
    "y": 100.0
  },
  "customers": [
    {
      "id": 1,
      "x": 42.59,
      "y": 58.37,
      "demand_tons": 0.1414
    },
    {
      "id": 2,
      "x": 30.82,
      "y": 28.08,
      "demand_tons": 0.0694
    },
    {
      "id": 3,
      "x": 198.97,
      "y": 192.52,
      "demand_tons": 0.1064
    },
    {
      "id": 4,
      "x": 168.18,
      "y": 178.23,
      "demand_tons": 0.1437
    },
    {
      "id": 5,
      "x": 120.08,
      "y": 78.06,
      "demand_tons": 0.0869
    },
    {
      "id": 6,
      "x": 142.99,
      "y": 152.89,
      "demand_tons": 0.1179
    },
    {
      "id": 7,
      "x": 47.9,
      "y": 48.15,
      "demand_tons": 0.0893
    },
    {
      "id": 8,
      "x": 198.37,
      "y": 132.05,
      "demand_tons": 0.1293
    },
    {
      "id": 9,
      "x": 51.71,
      "y": 87.77,
      "demand_tons": 0.0781
    },
    {
      "id": 10,
      "x": 149.39,
      "y": 7.62,
      "demand_tons": 0.1185
    },
    {
      "id": 11,
      "x": 161.29,
      "y": 90.46,
      "demand_tons": 0.127
    },
    {
      "id": 12,
      "x": 86.88,
      "y": 175.95,
      "demand_tons": 0.058
    },
    {
      "id": 13,
      "x": 148.02,
      "y": 197.73,
      "demand_tons": 0.0597
    },
    {
      "id": 14,
      "x": 11.55,
      "y": 93.07,
      "demand_tons": 0.0991
    },
    {
      "id": 15,
      "x": 179.82,
      "y": 66.51,
      "demand_tons": 0.0858
    },
    {
      "id": 16,
      "x": 106.45,
      "y": 178.98,
      "demand_tons": 0.1082
    },
    {
      "id": 17,
      "x": 65.72,
      "y": 91.63,
      "demand_tons": 0.11
    },
    {
      "id": 18,
      "x": 88.3,
      "y": 135.01,
      "demand_tons": 0.1278
    },
    {
      "id": 19,
      "x": 92.31,
      "y": 172.85,
      "demand_tons": 0.1031
    },
    {
      "id": 20,
      "x": 117.92,
      "y": 70.85,
      "demand_tons": 0.1018
    },
    {
      "id": 21,
      "x": 7.99,
      "y": 168.08,
      "demand_tons": 0.0525
    },
    {
      "id": 22,
      "x": 86.19,
      "y": 49.83,
      "demand_tons": 0.1494
    },
    {
      "id": 23,
      "x": 1.77,
      "y": 98.19,
      "demand_tons": 0.1326
    },
    {
      "id": 24,
      "x": 45.66,
      "y": 31.93,
      "demand_tons": 0.1097
    },
    {
      "id": 25,
      "x": 127.57,
      "y": 159.87,
      "demand_tons": 0.1387
    },
    {
      "id": 26,
      "x": 124.12,
      "y": 176.77,
      "demand_tons": 0.0778
    },
    {
      "id": 27,
      "x": 40.99,
      "y": 160.74,
      "demand_tons": 0.1179
    },
    {
      "id": 28,
      "x": 111.47,
      "y": 189.65,
      "demand_tons": 0.0656
    },
    {
      "id": 29,
      "x": 93.26,
      "y": 141.03,
      "demand_tons": 0.0732
    },
    {
      "id": 30,
      "x": 105.54,
      "y": 134.7,
      "demand_tons": 0.1197
    },
    {
      "id": 31,
      "x": 188.64,
      "y": 140.26,
      "demand_tons": 0.0898
    },
    {
      "id": 32,
      "x": 66.57,
      "y": 92.73,
      "demand_tons": 0.1089
    },
    {
      "id": 33,
      "x": 113.57,
      "y": 166.07,
      "demand_tons": 0.0656
    },
    {
      "id": 34,
      "x": 132.18,
      "y": 69.63,
      "demand_tons": 0.0927
    },
    {
      "id": 35,
      "x": 193.28,
      "y": 105.57,
      "demand_tons": 0.1045
    },
    {
      "id": 36,
      "x": 107.25,
      "y": 116.55,
      "demand_tons": 0.0982
    },
    {
      "id": 37,
      "x": 67.6,
      "y": 120.57,
      "demand_tons": 0.0579
    },
    {
      "id": 38,
      "x": 77.52,
      "y": 192.31,
      "demand_tons": 0.0933
    },
    {
      "id": 39,
      "x": 85.71,
      "y": 48.75,
      "demand_tons": 0.0963
    },
    {
      "id": 40,
      "x": 137.35,
      "y": 199.82,
      "demand_tons": 0.0646
    },
    {
      "id": 41,
      "x": 54.82,
      "y": 82.27,
      "demand_tons": 0.1411
    },
    {
      "id": 42,
      "x": 106.88,
      "y": 112.15,
      "demand_tons": 0.0527
    },
    {
      "id": 43,
      "x": 122.72,
      "y": 150.86,
      "demand_tons": 0.0718
    },
    {
      "id": 44,
      "x": 92.66,
      "y": 76.11,
      "demand_tons": 0.1081
    },
    {
      "id": 45,
      "x": 113.37,
      "y": 197.21,
      "demand_tons": 0.0769
    },
    {
      "id": 46,
      "x": 46.92,
      "y": 134.1,
      "demand_tons": 0.1286
    },
    {
      "id": 47,
      "x": 8.0,
      "y": 136.94,
      "demand_tons": 0.1423
    },
    {
      "id": 48,
      "x": 12.25,
      "y": 49.47,
      "demand_tons": 0.0778
    },
    {
      "id": 49,
      "x": 44.2,
      "y": 45.35,
      "demand_tons": 0.1242
    },
    {
      "id": 50,
      "x": 42.12,
      "y": 162.64,
      "demand_tons": 0.1344
    }
  ],
  "stations": [
    {
      "id": 51,
      "x": 94.35,
      "y": 173.37
    },
    {
      "id": 52,
      "x": 106.26,
      "y": 130.76
    }
  ],
  "distance_matrix_miles": [
    [
      0.0,
      70.9152,
      99.7916,
      135.4807,
      103.7711,
      29.7417,
      68.1578,
      73.504,
      103.4595,
      49.8146,
      104.7542,
      62.028,
      77.0749,
      108.8902,
      88.7211,
      86.561,
      79.2429,
      35.287,
      36.9133,
      73.2548,
      34.2177,
      114.4584,
      52.036,
      98.2467,
      87.0997,
      65.913,
      80.4699,
      84.6849,
      90.3808,
      41.5799,
      35.1395,
      97.3546,
      34.2114,
      67.4492,
      44.248,
      93.4462,
      18.0683,
      38.3782,
      95.0078,
      53.2049,
      106.5789,
      48.5344,
      13.9627,
      55.704,
      24.9922,
      98.1251,
      63.0896,
      99.1391,
      101.2588,
      78.1042,
      85.287,
      73.5872,
      31.3905
    ],
    [
      70.9152,
      0.0,
      32.4964,
      206.0362,
      173.6066,
      79.9525,
      137.892,
      11.5171,
      172.3257,
      30.782,
      118.2447,
      122.9612,
      125.645,
      174.7475,
      46.5572,
      137.4712,
      136.473,
      40.512,
      89.2362,
      124.8109,
      76.3568,
      115.0367,
      44.4285,
      57.0255,
      26.6176,
      132.3777,
      143.7557,
      102.3825,
      148.2528,
      96.9542,
      98.9392,
      167.4413,
      41.9005,
      128.9862,
      90.2948,
      157.9092,
      86.9818,
      67.0398,
      138.4198,
      44.1801,
      170.2573,
      26.8474,
      83.8182,
      122.3733,
      53.1198,
      155.8408,
      75.8537,
      85.847,
      31.6184,
      13.1192,
      104.2711,
      126.1114,
      96.4063
    ],
    [
      99.7916,
      32.4964,
      0.0,
      235.1913,
      203.5013,
      102.3003,
      167.8084,
      26.354,
      197.1871,
      63.2399,
      120.3223,
      144.6156,
      158.14,
      206.1964,
      67.7867,
      153.8761,
      168.7919,
      72.5025,
      121.4001,
      157.2875,
      97.0344,
      141.8492,
      59.4886,
      75.8901,
      15.3313,
      163.4906,
      175.538,
      133.0493,
      180.5804,
      129.0599,
      130.1956,
      193.6272,
      73.8761,
      160.9,
      109.5457,
      179.9943,
      116.9123,
      99.5348,
      170.7407,
      58.6529,
      202.0972,
      59.2668,
      113.3706,
      153.3641,
      78.3011,
      188.2006,
      107.2355,
      111.2261,
      28.3263,
      21.8467,
      135.0336,
      158.5725,
      127.4142
    ],
    [
      135.4807,
      206.0362,
      235.1913,
      0.0,
      33.9445,
      139.0134,
      68.5879,
      208.9613,
      60.473,
      180.7154,
      191.4319,
      108.7935,
      113.3081,
      51.2157,
      212.1711,
      127.4568,
      93.5055,
      167.1357,
      124.7207,
      108.4586,
      146.194,
      192.5375,
      181.8784,
      218.6001,
      222.0205,
      78.511,
      76.4891,
      161.1448,
      87.5471,
      117.5833,
      109.8741,
      53.2712,
      165.7945,
      89.4023,
      139.8673,
      87.136,
      119.0966,
      149.7828,
      121.4502,
      183.0236,
      62.0509,
      181.4781,
      122.2289,
      86.8885,
      157.6487,
      85.7284,
      162.8868,
      198.8936,
      235.2183,
      213.5714,
      159.6707,
      106.3582,
      111.3977
    ],
    [
      103.7711,
      173.6066,
      203.5013,
      33.9445,
      0.0,
      111.1199,
      35.7303,
      177.1668,
      55.1727,
      147.473,
      171.6416,
      88.04,
      81.332,
      28.0477,
      178.284,
      112.3247,
      61.7346,
      134.1552,
      90.8228,
      76.0605,
      118.5602,
      160.5112,
      152.3447,
      184.6583,
      190.8267,
      44.5675,
      44.0842,
      128.3869,
      57.8484,
      83.6472,
      76.2799,
      43.1316,
      132.7962,
      55.9475,
      114.4114,
      76.8732,
      86.7,
      115.9354,
      91.7468,
      153.5134,
      37.638,
      148.5221,
      90.1347,
      53.0634,
      127.0109,
      58.0032,
      129.0405,
      165.4161,
      202.2209,
      181.7364,
      127.0204,
      73.9898,
      78.0224
    ],
    [
      29.7417,
      79.9525,
      102.3003,
      139.0134,
      111.1199,
      0.0,
      78.2585,
      78.1317,
      95.1012,
      69.0561,
      76.2946,
      43.0351,
      103.3668,
      122.8884,
      109.563,
      60.8463,
      101.8363,
      56.0282,
      65.2171,
      98.7741,
      7.5266,
      143.7629,
      44.1074,
      120.0103,
      87.5575,
      82.1522,
      98.7926,
      114.4168,
      111.9217,
      68.4437,
      58.4765,
      92.5706,
      55.4845,
      88.2504,
      14.747,
      78.1987,
      40.572,
      67.537,
      121.9197,
      45.1705,
      122.9787,
      65.3957,
      36.5564,
      72.8479,
      27.4893,
      119.3388,
      92.1568,
      126.6048,
      111.5558,
      82.63,
      115.0284,
      98.722,
      54.4819
    ],
    [
      68.1578,
      137.892,
      167.8084,
      68.5879,
      35.7303,
      78.2585,
      0.0,
      141.4658,
      59.1714,
      112.1278,
      145.4109,
      65.0569,
      60.6638,
      45.1212,
      144.4123,
      93.904,
      44.8983,
      98.6075,
      57.5386,
      54.4689,
      85.785,
      135.8519,
      117.6758,
      151.4436,
      155.2561,
      16.9262,
      30.4357,
      102.3016,
      48.4232,
      51.1247,
      41.6339,
      47.365,
      97.2586,
      32.2374,
      83.9588,
      69.0526,
      50.97,
      82.0258,
      76.4216,
      118.8534,
      47.2677,
      112.9652,
      54.4397,
      20.3714,
      91.8056,
      53.3067,
      97.8903,
      135.929,
      166.6993,
      146.0285,
      101.3401,
      52.7758,
      42.8816
    ],
    [
      73.504,
      11.5171,
      26.354,
      208.9613,
      177.1668,
      78.1317,
      141.4658,
      0.0,
      172.2801,
      39.8028,
      109.2836,
      121.0266,
      133.6124,
      179.995,
      57.7852,
      133.1915,
      143.3338,
      46.99,
      95.7957,
      132.372,
      73.6077,
      126.3963,
      38.3268,
      68.0586,
      16.3739,
      137.2176,
      149.5078,
      112.8018,
      155.1238,
      103.3645,
      103.9869,
      168.2023,
      48.3316,
      134.9729,
      86.9742,
      156.3087,
      90.5593,
      75.0516,
      147.1715,
      37.8148,
      176.0826,
      34.8147,
      87.0324,
      127.0723,
      52.7752,
      162.8042,
      85.9556,
      97.3431,
      35.6744,
      4.64,
      114.6358,
      133.5577,
      101.145
    ],
    [
      103.4595,
      172.3257,
      197.1871,
      60.473,
      55.1727,
      95.1012,
      59.1714,
      172.2801,
      0.0,
      153.1988,
      133.7231,
      55.7194,
      119.8217,
      82.7586,
      190.8433,
      68.1146,
      103.2071,
      138.6716,
      110.1098,
      113.637,
      101.0824,
      193.7594,
      139.0844,
      199.4945,
      182.6044,
      76.0697,
      86.6772,
      159.9737,
      104.2563,
      105.4929,
      92.8678,
      12.7309,
      137.5402,
      91.3696,
      90.9801,
      26.9648,
      92.4289,
      131.2729,
      135.0407,
      140.1113,
      91.1933,
      151.9363,
      93.6292,
      77.9534,
      119.5989,
      107.1019,
      151.4639,
      190.4328,
      203.6176,
      176.8765,
      159.2162,
      111.9263,
      92.119
    ],
    [
      49.8146,
      30.782,
      63.2399,
      180.7154,
      147.473,
      69.0561,
      112.1278,
      39.8028,
      153.1988,
      0.0,
      126.3543,
      109.613,
      94.9349,
      146.1739,
      40.5082,
      129.8621,
      106.3754,
      14.532,
      59.7532,
      94.2707,
      68.3378,
      91.4392,
      51.2671,
      51.0155,
      56.1668,
      104.6573,
      114.7354,
      73.7532,
      118.1135,
      67.5502,
      71.4149,
      146.6459,
      15.6659,
      99.7875,
      82.4893,
      142.6846,
      62.5538,
      36.4463,
      107.679,
      51.7548,
      141.0298,
      6.3184,
      60.3168,
      94.9883,
      42.5777,
      125.6148,
      46.577,
      65.7895,
      54.9907,
      43.0797,
      75.4817,
      95.6323,
      69.4539
    ],
    [
      104.7542,
      118.2447,
      120.3223,
      191.4319,
      171.6416,
      76.2946,
      145.4109,
      109.2836,
      133.7231,
      126.3543,
      0.0,
      83.6904,
      179.5619,
      190.1149,
      162.1776,
      66.2874,
      176.6581,
      118.5679,
      141.2806,
      174.8116,
      70.6286,
      213.8723,
      75.9995,
      173.1895,
      106.5406,
      153.8056,
      171.0272,
      187.6068,
      185.9378,
      144.737,
      134.4327,
      138.3255,
      118.7555,
      162.4484,
      64.3539,
      107.3338,
      116.7969,
      139.4536,
      198.181,
      75.8078,
      192.5767,
      120.4828,
      112.8433,
      145.7017,
      88.9335,
      192.9814,
      162.7799,
      191.6111,
      143.3834,
      111.7519,
      188.5154,
      174.6495,
      130.4747
    ],
    [
      62.028,
      122.9612,
      144.6156,
      108.7935,
      88.04,
      43.0351,
      65.0569,
      121.0266,
      55.7194,
      109.613,
      83.6904,
      0.0,
      113.3375,
      108.0877,
      149.7627,
      30.2814,
      104.1308,
      95.5772,
      85.5117,
      107.454,
      47.5974,
      171.8306,
      85.3862,
      159.7072,
      129.5996,
      77.1673,
      93.9735,
      139.3247,
      110.9986,
      84.7668,
      71.1705,
      56.816,
      94.7472,
      89.4096,
      35.795,
      35.379,
      60.0084,
      98.4095,
      131.8743,
      86.3253,
      111.9497,
      106.7845,
      58.5739,
      71.6645,
      70.1142,
      117.0123,
      122.413,
      160.1818,
      154.5739,
      125.479,
      139.3249,
      106.56,
      68.2084
    ],
    [
      77.0749,
      125.645,
      158.14,
      113.3081,
      81.332,
      103.3668,
      60.6638,
      133.6124,
      119.8217,
      94.9349,
      179.5619,
      113.3375,
      0.0,
      64.9035,
      111.9987,
      143.5791,
      19.8032,
      86.9345,
      40.9646,
      6.2526,
      109.5878,
      79.2816,
      126.1219,
      115.2837,
      149.8027,
      43.7521,
      37.249,
      48.345,
      28.1489,
      35.498,
      45.2743,
      107.8373,
      85.6625,
      28.46,
      115.5683,
      127.5708,
      62.7957,
      58.6401,
      18.8483,
      127.2054,
      55.8301,
      99.0141,
      66.8613,
      43.7494,
      100.0072,
      33.9663,
      57.8638,
      87.9991,
      146.8565,
      137.397,
      46.697,
      7.903,
      49.1703
    ],
    [
      108.8902,
      174.7475,
      206.1964,
      51.2157,
      28.0477,
      122.8884,
      45.1212,
      179.995,
      82.7586,
      146.1739,
      190.1149,
      108.0877,
      64.9035,
      0.0,
      171.9819,
      135.0183,
      45.6029,
      134.2777,
      86.6041,
      61.0133,
      130.4015,
      143.1346,
      160.304,
      176.9104,
      194.8518,
      43.03,
      31.7889,
      113.2417,
      37.4325,
      78.8261,
      76.0088,
      70.376,
      132.8876,
      46.7884,
      129.0756,
      102.6739,
      90.8426,
      111.4497,
      70.708,
      161.4855,
      10.8728,
      148.3821,
      94.9549,
      53.2624,
      133.6269,
      34.6539,
      119.4571,
      152.6467,
      201.0336,
      184.3862,
      111.5622,
      58.9396,
      78.9232
    ],
    [
      88.7211,
      46.5572,
      67.7867,
      212.1711,
      178.284,
      109.563,
      144.4123,
      57.7852,
      190.8433,
      40.5082,
      162.1776,
      149.7627,
      111.9987,
      171.9819,
      0.0,
      170.3532,
      128.0099,
      54.1891,
      87.4616,
      113.521,
      108.666,
      75.0944,
      86.2602,
      11.0391,
      70.0114,
      133.8764,
      140.2772,
      73.7966,
      138.9666,
      94.7454,
      102.7968,
      183.2696,
      55.0211,
      125.4475,
      122.8863,
      182.1594,
      98.5383,
      62.4328,
      119.1663,
      86.3943,
      164.9885,
      44.5975,
      97.2207,
      125.2935,
      82.8642,
      145.645,
      54.171,
      44.0134,
      43.6056,
      57.8206,
      75.9902,
      115.3427,
      101.9339
    ],
    [
      86.561,
      137.4712,
      153.8761,
      127.4568,
      112.3247,
      60.8463,
      93.904,
      133.1915,
      68.1146,
      129.8621,
      66.2874,
      30.2814,
      143.5791,
      135.0183,
      170.3532,
      0.0,
      134.2857,
      116.8325,
      114.3161,
      137.7178,
      62.052,
      199.6046,
      95.1041,
      180.8464,
      138.5449,
      106.9867,
      123.5304,
      167.7887,
      140.8374,
      114.2185,
      100.8335,
      74.2755,
      116.2456,
      119.5879,
      47.7421,
      41.3141,
      88.1499,
      124.5625,
      162.1448,
      95.7711,
      139.9116,
      125.9896,
      86.0422,
      101.8594,
      87.6871,
      146.6223,
      149.1,
      185.6946,
      168.4342,
      137.2608,
      167.9353,
      136.8363,
      97.6685
    ],
    [
      79.2429,
      136.473,
      168.7919,
      93.5055,
      61.7346,
      101.8363,
      44.8983,
      143.3338,
      103.2071,
      106.3754,
      176.6581,
      104.1308,
      19.8032,
      45.6029,
      128.0099,
      134.2857,
      0.0,
      96.3792,
      47.5687,
      15.4116,
      108.7366,
      99.0615,
      130.7295,
      132.2306,
      159.1198,
      28.4824,
      17.8077,
      67.9537,
      11.7919,
      40.1768,
      44.2893,
      90.8539,
      95.0236,
      14.7432,
      112.3363,
      113.7035,
      62.4351,
      70.1502,
      31.8533,
      131.8712,
      37.2708,
      109.6288,
      66.8314,
      32.4876,
      103.7902,
      19.4992,
      74.5522,
      107.0503,
      160.1452,
      147.4179,
      66.3728,
      13.3372,
      48.2204
    ],
    [
      35.287,
      40.512,
      72.5025,
      167.1357,
      134.1552,
      56.0282,
      98.6075,
      46.99,
      138.6716,
      14.532,
      118.5679,
      95.5772,
      86.9345,
      134.2777,
      54.1891,
      116.8325,
      96.3792,
      0.0,
      48.9048,
      85.4618,
      56.1841,
      95.7985,
      46.5431,
      64.2856,
      62.9801,
      92.0984,
      103.2443,
      73.4014,
      108.1711,
      56.558,
      58.6571,
      132.19,
      1.3901,
      88.4926,
      70.0067,
      128.3194,
      48.4329,
      29.001,
      101.3691,
      47.3106,
      129.7534,
      14.3673,
      45.9915,
      82.2021,
      31.0907,
      115.8346,
      46.445,
      73.3798,
      68.0919,
      51.0387,
      74.829,
      86.6089,
      56.344
    ],
    [
      36.9133,
      89.2362,
      121.4001,
      124.7207,
      90.8228,
      65.2171,
      57.5386,
      95.7957,
      110.1098,
      59.7532,
      141.2806,
      85.5117,
      40.9646,
      86.6041,
      87.4616,
      114.3161,
      47.5687,
      48.9048,
      0.0,
      38.0519,
      70.6672,
      86.8523,
      85.2061,
      94.038,
      111.5511,
      46.4774,
      55.0179,
      53.8541,
      59.3496,
      7.8001,
      17.2428,
      100.4773,
      47.5373,
      40.0412,
      78.7401,
      109.0299,
      26.4551,
      25.2389,
      58.3052,
      86.2989,
      81.2788,
      62.4693,
      29.4584,
      37.894,
      59.0612,
      67.0622,
      41.39,
      80.3232,
      114.4583,
      99.9186,
      53.8146,
      38.8342,
      18.456
    ],
    [
      73.2548,
      124.8109,
      157.2875,
      108.4586,
      76.0605,
      98.7741,
      54.4689,
      132.372,
      113.637,
      94.2707,
      174.8116,
      107.454,
      6.2526,
      61.0133,
      113.521,
      137.7178,
      15.4116,
      85.4618,
      38.0519,
      0.0,
      105.1659,
      84.4548,
      123.1721,
      117.3525,
      148.4408,
      37.5732,
      32.0506,
      52.7294,
      25.4823,
      31.8342,
      40.3789,
      101.6935,
      84.1532,
      22.3149,
      110.6525,
      121.3324,
      58.2486,
      57.8254,
      24.4425,
      124.2754,
      52.4975,
      98.0318,
      62.4242,
      37.5277,
      96.7406,
      32.2014,
      59.6809,
      91.639,
      147.079,
      136.2748,
      51.218,
      2.1052,
      44.3415
    ],
    [
      34.2177,
      76.3568,
      97.0344,
      146.194,
      118.5602,
      7.5266,
      85.785,
      73.6077,
      101.0824,
      68.3378,
      70.6286,
      47.5974,
      109.5878,
      130.4015,
      108.666,
      62.052,
      108.7366,
      56.1841,
      70.6672,
      105.1659,
      0.0,
      146.7593,
      38.0609,
      119.3243,
      82.0748,
      89.5415,
      106.1013,
      118.315,
      118.975,
      74.3865,
      65.0391,
      99.0912,
      55.8172,
      95.3193,
      14.3121,
      82.9735,
      46.9291,
      70.7402,
      128.0027,
      39.0627,
      130.4254,
      64.1251,
      42.7501,
      80.1539,
      25.8018,
      126.4419,
      95.0871,
      128.2587,
      107.8112,
      78.0057,
      119.0422,
      105.1946,
      61.0341
    ],
    [
      114.4584,
      115.0367,
      141.8492,
      192.5375,
      160.5112,
      143.7629,
      135.8519,
      126.3963,
      193.7594,
      91.4392,
      213.8723,
      171.8306,
      79.2816,
      143.1346,
      75.0944,
      199.6046,
      99.0615,
      95.7985,
      86.8523,
      84.4548,
      146.7593,
      0.0,
      141.7685,
      70.1662,
      141.2652,
      119.8615,
      116.4547,
      33.8064,
      105.7042,
      89.4577,
      103.103,
      182.7796,
      95.4423,
      105.5991,
      158.4789,
      195.5502,
      111.8387,
      76.227,
      73.6309,
      142.408,
      133.197,
      97.7569,
      113.6107,
      116.0151,
      125.01,
      109.3321,
      51.6738,
      31.14,
      118.6865,
      127.9602,
      34.5608,
      86.5219,
      105.1179
    ],
    [
      52.036,
      44.4285,
      59.4886,
      181.8784,
      152.3447,
      44.1074,
      117.6758,
      38.3268,
      139.0844,
      51.2671,
      75.9995,
      85.3862,
      126.1219,
      160.304,
      86.2602,
      95.1041,
      130.7295,
      46.5431,
      85.2061,
      123.1721,
      38.0609,
      141.7685,
      0.0,
      97.2904,
      44.3068,
      117.5632,
      132.4857,
      119.7667,
      142.087,
      91.4736,
      87.0479,
      136.6513,
      47.1737,
      119.4211,
      50.0712,
      120.7279,
      69.9649,
      73.1419,
      142.7435,
      1.1819,
      158.4751,
      45.1268,
      65.6647,
      107.4314,
      27.0647,
      149.8653,
      92.9708,
      117.0548,
      73.9409,
      42.2283,
      121.1126,
      123.8092,
      83.3815
    ],
    [
      98.2467,
      57.0255,
      75.8901,
      218.6001,
      184.6583,
      120.0103,
      151.4436,
      68.0586,
      199.4945,
      51.0155,
      173.1895,
      159.7072,
      115.2837,
      176.9104,
      11.0391,
      180.8464,
      132.2306,
      64.2856,
      94.038,
      117.3525,
      119.3243,
      70.1662,
      97.2904,
      0.0,
      79.4778,
      140.1073,
      145.4109,
      73.8289,
      142.8251,
      101.0232,
      110.0054,
      191.5471,
      65.0296,
      130.7935,
      133.5007,
      191.6521,
      107.066,
      69.5302,
      120.8165,
      97.4178,
      169.442,
      55.3873,
      106.033,
      131.9205,
      93.5335,
      149.1962,
      57.6893,
      39.2476,
      49.8344,
      67.767,
      76.039,
      119.2606,
      109.4485
    ],
    [
      87.0997,
      26.6176,
      15.3313,
      222.0205,
      190.8267,
      87.5575,
      155.2561,
      16.3739,
      182.6044,
      56.1668,
      106.5406,
      129.5996,
      149.8027,
      194.8518,
      70.0114,
      138.5449,
      159.1198,
      62.9801,
      111.5511,
      148.4408,
      82.0748,
      141.2652,
      44.3068,
      79.4778,
      0.0,
      151.9141,
      164.7258,
      128.8946,
      170.8993,
      119.0318,
      118.9424,
      179.3841,
      64.2952,
      150.3506,
      94.3769,
      164.9682,
      104.6607,
      91.3149,
      163.5139,
      43.4386,
      191.2959,
      51.1666,
      100.9115,
      141.713,
      64.5048,
      178.6117,
      102.1778,
      111.5588,
      37.7343,
      13.4992,
      130.7579,
      149.5861,
      115.9298
    ],
    [
      65.913,
      132.3777,
      163.4906,
      78.511,
      44.5675,
      82.1522,
      16.9262,
      137.2176,
      76.0697,
      104.6573,
      153.8056,
      77.1673,
      43.7521,
      43.03,
      133.8764,
      106.9867,
      28.4824,
      92.0984,
      46.4774,
      37.5732,
      89.5415,
      119.8615,
      117.5632,
      140.1073,
      151.9141,
      0.0,
      17.2486,
      86.5844,
      33.8535,
      39.1423,
      33.4492,
      64.1412,
      90.7126,
      15.3114,
      90.3577,
      85.2426,
      47.849,
      71.7,
      59.6436,
      118.7431,
      41.1297,
      106.3688,
      52.0123,
      10.2324,
      90.7438,
      39.9489,
      84.6671,
      121.7488,
      159.6461,
      141.6523,
      85.4949,
      35.8583,
      36.0764
    ],
    [
      80.4699,
      143.7557,
      175.538,
      76.4891,
      44.0842,
      98.7926,
      30.4357,
      149.5078,
      86.6772,
      114.7354,
      171.0272,
      93.9735,
      37.249,
      31.7889,
      140.2772,
      123.5304,
      17.8077,
      103.2443,
      55.0179,
      32.0506,
      106.1013,
      116.4547,
      132.4857,
      145.4109,
      164.7258,
      17.2486,
      0.0,
      84.6614,
      18.0532,
      47.2196,
      45.9902,
      74.1337,
      101.8564,
      15.0264,
      107.4427,
      99.26,
      62.5384,
      79.7054,
      49.1228,
      133.658,
      26.577,
      117.1868,
      66.8802,
      25.9478,
      105.4617,
      23.0945,
      88.2075,
      122.7611,
      169.4703,
      153.8129,
      83.2085,
      29.9635,
      49.3548
    ],
    [
      84.6849,
      102.3825,
      133.0493,
      161.1448,
      128.3869,
      114.4168,
      102.3016,
      112.8018,
      159.9737,
      73.7532,
      187.6068,
      139.3247,
      48.345,
      113.2417,
      73.7966,
      167.7887,
      67.9537,
      73.4014,
      53.8541,
      52.7294,
      118.315,
      33.8064,
      119.7667,
      73.8289,
      128.8946,
      86.5844,
      84.6614,
      0.0,
      76.1789,
      55.8627,
      69.6045,
      149.0636,
      72.6615,
      72.7754,
      128.9056,
      161.9752,
      79.6439,
      48.1842,
      48.2815,
      120.5887,
      103.9832,
      79.6794,
      81.8687,
      82.325,
      99.1566,
      81.0489,
      27.292,
      40.679,
      114.9217,
      115.4346,
      2.2106,
      54.8344,
      71.826
    ],
    [
      90.3808,
      148.2528,
      180.5804,
      87.5471,
      57.8484,
      111.9217,
      48.4232,
      155.1238,
      104.2563,
      118.1135,
      185.9378,
      110.9986,
      28.1489,
      37.4325,
      138.9666,
      140.8374,
      11.7919,
      108.1711,
      59.3496,
      25.4823,
      118.975,
      105.7042,
      142.087,
      142.8251,
      170.8993,
      33.8535,
      18.0532,
      76.1789,
      0.0,
      51.9183,
      55.269,
      91.6219,
      106.8152,
      23.6733,
      121.7937,
      117.3129,
      73.2217,
      81.8329,
      34.054,
      143.2354,
      27.8065,
      121.4071,
      77.6358,
      40.3884,
      115.0876,
      7.7951,
      85.1616,
      116.1223,
      171.7412,
      159.2097,
      74.4242,
      23.6248,
      59.12
    ],
    [
      41.5799,
      96.9542,
      129.0599,
      117.5833,
      83.6472,
      68.4437,
      51.1247,
      103.3645,
      105.4929,
      67.5502,
      144.737,
      84.7668,
      35.498,
      78.8261,
      94.7454,
      114.2185,
      40.1768,
      56.558,
      7.8001,
      31.8342,
      74.3865,
      89.4577,
      91.4736,
      101.0232,
      119.0318,
      39.1423,
      47.2196,
      55.8627,
      51.9183,
      0.0,
      13.8155,
      95.3831,
      55.1837,
      32.2412,
      81.3187,
      106.1198,
      28.1956,
      32.8184,
      53.6413,
      92.5883,
      73.486,
      70.2166,
      31.9305,
      31.0567,
      64.9228,
      59.6708,
      46.8553,
      85.358,
      122.2532,
      107.5246,
      55.5184,
      32.3584,
      16.5672
    ],
    [
      35.1395,
      98.9392,
      130.1956,
      109.8741,
      76.2799,
      58.4765,
      41.6339,
      103.9869,
      92.8678,
      71.4149,
      134.4327,
      71.1705,
      45.2743,
      76.0088,
      102.7968,
      100.8335,
      44.2893,
      58.6571,
      17.2428,
      40.3789,
      65.0391,
      103.103,
      87.0479,
      110.0054,
      118.9424,
      33.4492,
      45.9902,
      69.6045,
      55.269,
      13.8155,
      0.0,
      83.2858,
      57.2725,
      32.3814,
      70.3121,
      92.4493,
      18.2304,
      40.4858,
      64.0627,
      88.2079,
      72.4741,
      72.9481,
      22.5898,
      23.586,
      59.989,
      62.9985,
      58.6231,
      97.5657,
      126.3613,
      108.379,
      69.3018,
      40.2565,
      4.0052
    ],
    [
      97.3546,
      167.4413,
      193.6272,
      53.2712,
      43.1316,
      92.5706,
      47.365,
      168.2023,
      12.7309,
      146.6459,
      138.3255,
      56.816,
      107.8373,
      70.376,
      183.2696,
      74.2755,
      90.8539,
      132.19,
      100.4773,
      101.6935,
      99.0912,
      182.7796,
      136.6513,
      191.5471,
      179.3841,
      64.1412,
      74.1337,
      149.0636,
      91.6219,
      95.3831,
      83.2858,
      0.0,
      130.9969,
      79.383,
      90.4231,
      34.9989,
      84.7732,
      122.6311,
      122.7064,
      137.7268,
      78.6006,
      145.8445,
      86.4573,
      66.7668,
      115.4443,
      94.3868,
      141.8538,
      180.6705,
      198.3841,
      172.8318,
      148.2193,
      99.9344,
      82.926
    ],
    [
      34.2114,
      41.9005,
      73.8761,
      165.7945,
      132.7962,
      55.4845,
      97.2586,
      48.3316,
      137.5402,
      15.6659,
      118.7555,
      94.7472,
      85.6625,
      132.8876,
      55.0211,
      116.2456,
      95.0236,
      1.3901,
      47.5373,
      84.1532,
      55.8172,
      95.4423,
      47.1737,
      65.0296,
      64.2952,
      90.7126,
      101.8564,
      72.6615,
      106.8152,
      55.1837,
      57.2725,
      130.9969,
      0.0,
      87.1077,
      69.5578,
      127.3589,
      47.1408,
      27.859,
      100.1802,
      47.9644,
      128.367,
      15.7313,
      44.7441,
      80.8203,
      30.934,
      114.4828,
      45.7996,
      73.3823,
      69.4413,
      52.3954,
      74.0622,
      85.2909,
      54.9689
    ],
    [
      67.4492,
      128.9862,
      160.9,
      89.4023,
      55.9475,
      88.2504,
      32.2374,
      134.9729,
      91.3696,
      99.7875,
      162.4484,
      89.4096,
      28.46,
      46.7884,
      125.4475,
      119.5879,
      14.7432,
      88.4926,
      40.0412,
      22.3149,
      95.3193,
      105.5991,
      119.4211,
      130.7935,
      150.3506,
      15.3114,
      15.0264,
      72.7754,
      23.6733,
      32.2412,
      32.3814,
      79.383,
      87.1077,
      0.0,
      98.2192,
      100.0696,
      49.9217,
      64.6799,
      44.5886,
      120.5826,
      41.2862,
      102.3426,
      54.3334,
      17.7501,
      92.3582,
      31.1406,
      73.9209,
      109.5152,
      154.471,
      139.2319,
      71.5323,
      20.5596,
      36.0587
    ],
    [
      44.248,
      90.2948,
      109.5457,
      139.8673,
      114.4114,
      14.747,
      83.9588,
      86.9742,
      90.9801,
      82.4893,
      64.3539,
      35.795,
      115.5683,
      129.0756,
      122.8863,
      47.7421,
      112.3363,
      70.0067,
      78.7401,
      110.6525,
      14.3121,
      158.4789,
      50.0712,
      133.5007,
      94.3769,
      90.3577,
      107.4427,
      128.9056,
      121.7937,
      81.3187,
      70.3121,
      90.4231,
      69.5578,
      98.2192,
      0.0,
      70.8865,
      53.1318,
      82.2524,
      134.306,
      50.9454,
      130.2926,
      78.3858,
      49.4777,
      81.779,
      40.0477,
      128.9592,
      106.8908,
      141.2491,
      121.6126,
      91.2688,
      129.4668,
      110.4224,
      66.3982
    ],
    [
      93.4462,
      157.9092,
      179.9943,
      87.136,
      76.8732,
      78.1987,
      69.0526,
      156.3087,
      26.9648,
      142.6846,
      107.3338,
      35.379,
      127.5708,
      102.6739,
      182.1594,
      41.3141,
      113.7035,
      128.3194,
      109.0299,
      121.3324,
      82.9735,
      195.5502,
      120.7279,
      191.6521,
      164.9682,
      85.2426,
      99.26,
      161.9752,
      117.3129,
      106.1198,
      92.4493,
      34.9989,
      127.3589,
      100.0696,
      70.8865,
      0.0,
      86.7279,
      126.572,
      144.652,
      121.6545,
      109.5957,
      140.4068,
      86.6502,
      83.8445,
      104.8441,
      121.5874,
      149.1148,
      187.9169,
      189.5233,
      160.7834,
      161.5745,
      119.9333,
      90.5926
    ],
    [
      18.0683,
      86.9818,
      116.9123,
      119.0966,
      86.7,
      40.572,
      50.97,
      90.5593,
      92.4289,
      62.5538,
      116.7969,
      60.0084,
      62.7957,
      90.8426,
      98.5383,
      88.1499,
      62.4351,
      48.4329,
      26.4551,
      58.2486,
      46.9291,
      111.8387,
      69.9649,
      107.066,
      104.6607,
      47.849,
      62.5384,
      79.6439,
      73.2217,
      28.1956,
      18.2304,
      84.7732,
      47.1408,
      49.9217,
      53.1318,
      86.7279,
      0.0,
      39.8533,
      81.3846,
      71.1394,
      88.5432,
      62.642,
      4.4155,
      37.6364,
      42.9914,
      80.8918,
      62.8308,
      101.3228,
      116.2959,
      95.1039,
      79.7885,
      58.266,
      14.2444
    ],
    [
      38.3782,
      67.0398,
      99.5348,
      149.7828,
      115.9354,
      67.537,
      82.0258,
      75.0516,
      131.2729,
      36.4463,
      139.4536,
      98.4095,
      58.6401,
      111.4497,
      62.4328,
      124.5625,
      70.1502,
      29.001,
      25.2389,
      57.8254,
      70.7402,
      76.227,
      73.1419,
      69.5302,
      91.3149,
      71.7,
      79.7054,
      48.1842,
      81.8329,
      32.8184,
      40.4858,
      122.6311,
      27.859,
      64.6799,
      82.2524,
      126.572,
      39.8533,
      0.0,
      72.4226,
      74.0681,
      105.5728,
      40.376,
      40.1723,
      62.8943,
      51.0362,
      89.2669,
      24.7128,
      61.8073,
      90.1046,
      78.7757,
      49.1845,
      59.1895,
      39.9804
    ],
    [
      95.0078,
      138.4198,
      170.7407,
      121.4502,
      91.7468,
      121.9197,
      76.4216,
      147.1715,
      135.0407,
      107.679,
      198.181,
      131.8743,
      18.8483,
      70.708,
      119.1663,
      162.1448,
      31.8533,
      101.3691,
      58.3052,
      24.4425,
      128.0027,
      73.6309,
      142.7435,
      120.8165,
      163.5139,
      59.6436,
      49.1228,
      48.2815,
      34.054,
      53.6413,
      64.0627,
      122.7064,
      100.1802,
      44.5886,
      134.306,
      144.652,
      81.3846,
      72.4226,
      0.0,
      143.7934,
      60.2995,
      112.357,
      85.3676,
      61.3282,
      117.1822,
      36.1833,
      65.7629,
      88.8756,
      157.046,
      150.69,
      46.1895,
      25.3372,
      67.9293
    ],
    [
      53.2049,
      44.1801,
      58.6529,
      183.0236,
      153.5134,
      45.1705,
      118.8534,
      37.8148,
      140.1113,
      51.7548,
      75.8078,
      86.3253,
      127.2054,
      161.4855,
      86.3943,
      95.7711,
      131.8712,
      47.3106,
      86.2989,
      124.2754,
      39.0627,
      142.408,
      1.1819,
      97.4178,
      43.4386,
      118.7431,
      133.658,
      120.5887,
      143.2354,
      92.5883,
      88.2079,
      137.7268,
      47.9644,
      120.5826,
      50.9454,
      121.6545,
      71.1394,
      74.0681,
      143.7934,
      0.0,
      159.6522,
      45.5827,
      66.8411,
      108.6103,
      28.2289,
      151.0147,
      93.7512,
      117.5428,
      73.4635,
      41.649,
      121.9468,
      124.9191,
      84.5455
    ],
    [
      106.5789,
      170.2573,
      202.0972,
      62.0509,
      37.638,
      122.9787,
      47.2677,
      176.0826,
      91.1933,
      141.0298,
      192.5767,
      111.9497,
      55.8301,
      10.8728,
      164.9885,
      139.9116,
      37.2708,
      129.7534,
      81.2788,
      52.4975,
      130.4254,
      133.197,
      158.4751,
      169.442,
      191.2959,
      41.1297,
      26.577,
      103.9832,
      27.8065,
      73.486,
      72.4741,
      78.6006,
      128.367,
      41.2862,
      130.2926,
      109.5957,
      88.5432,
      105.5728,
      60.2995,
      159.6522,
      0.0,
      143.6287,
      92.8141,
      51.0991,
      131.5346,
      24.1216,
      111.7887,
      143.8239,
      195.5892,
      180.3827,
      102.2306,
      50.4837,
      75.7355
    ],
    [
      48.5344,
      26.8474,
      59.2668,
      181.4781,
      148.5221,
      65.3957,
      112.9652,
      34.8147,
      151.9363,
      6.3184,
      120.4828,
      106.7845,
      99.0141,
      148.3821,
      44.5975,
      125.9896,
      109.6288,
      14.3673,
      62.4693,
      98.0318,
      64.1251,
      97.7569,
      45.1268,
      55.3873,
      51.1666,
      106.3688,
      117.1868,
      79.6794,
      121.4071,
      70.2166,
      72.9481,
      145.8445,
      15.7313,
      102.3426,
      78.3858,
      140.4068,
      62.642,
      40.376,
      112.357,
      45.5827,
      143.6287,
      0.0,
      60.0255,
      96.5142,
      38.3381,
      128.9934,
      52.4286,
      71.9786,
      53.7405,
      38.4171,
      81.3672,
      99.3068,
      70.692
    ],
    [
      13.9627,
      83.8182,
      113.3706,
      122.2289,
      90.1347,
      36.5564,
      54.4397,
      87.0324,
      93.6292,
      60.3168,
      112.8433,
      58.5739,
      66.8613,
