{
  "name": "C75R4-1",
  "n_customers": 75,
  "n_stations": 4,
  "total_nodes": 80,
  "parameters": {
    "vehicle_capacity_tons": 3.0,
    "battery_capacity_kwh": 110.0,
    "curb_weight_kg": 2500,
    "alpha": 0.0981,
    "beta": 2.11,
    "eff_motor": 1.25,
    "eff_battery_discharge": 1.11,
    "eff_recharge": 1.25,
    "emission_rate_kg_per_kwh": 0.69,
    "max_vehicles": 5,
    "grid_size_miles": 200,
    "miles_to_meters": 1609.34
  },
  "depot": {
    "id": 0,
    "x": 100.0,
    "y": 100.0
  },
  "customers": [
    {
      "id": 1,
      "x": 91.59,
      "y": 11.9,
      "demand_tons": 0.0707
    },
    {
      "id": 2,
      "x": 82.64,
      "y": 88.28,
      "demand_tons": 0.0772
    },
    {
      "id": 3,
      "x": 53.51,
      "y": 18.31,
      "demand_tons": 0.0603
    },
    {
      "id": 4,
      "x": 129.42,
      "y": 115.37,
      "demand_tons": 0.0614
    },
    {
      "id": 5,
      "x": 160.86,
      "y": 14.61,
      "demand_tons": 0.1448
    },
    {
      "id": 6,
      "x": 94.44,
      "y": 141.36,
      "demand_tons": 0.0589
    },
    {
      "id": 7,
      "x": 193.09,
      "y": 176.92,
      "demand_tons": 0.0906
    },
    {
      "id": 8,
      "x": 48.63,
      "y": 104.68,
      "demand_tons": 0.1191
    },
    {
      "id": 9,
      "x": 58.36,
      "y": 45.64,
      "demand_tons": 0.1461
    },
    {
      "id": 10,
      "x": 57.06,
      "y": 65.6,
      "demand_tons": 0.0513
    },
    {
      "id": 11,
      "x": 143.08,
      "y": 163.97,
      "demand_tons": 0.1317
    },
    {
      "id": 12,
      "x": 49.14,
      "y": 111.69,
      "demand_tons": 0.1029
    },
    {
      "id": 13,
      "x": 21.1,
      "y": 192.73,
      "demand_tons": 0.1151
    },
    {
      "id": 14,
      "x": 184.81,
      "y": 96.75,
      "demand_tons": 0.0816
    },
    {
      "id": 15,
      "x": 185.99,
      "y": 195.0,
      "demand_tons": 0.0746
    },
    {
      "id": 16,
      "x": 19.45,
      "y": 63.59,
      "demand_tons": 0.0626
    },
    {
      "id": 17,
      "x": 5.44,
      "y": 191.0,
      "demand_tons": 0.1425
    },
    {
      "id": 18,
      "x": 20.46,
      "y": 44.63,
      "demand_tons": 0.1052
    },
    {
      "id": 19,
      "x": 77.96,
      "y": 28.5,
      "demand_tons": 0.083
    },
    {
      "id": 20,
      "x": 181.84,
      "y": 95.0,
      "demand_tons": 0.1417
    },
    {
      "id": 21,
      "x": 78.62,
      "y": 156.27,
      "demand_tons": 0.0501
    },
    {
      "id": 22,
      "x": 96.22,
      "y": 83.09,
      "demand_tons": 0.1296
    },
    {
      "id": 23,
      "x": 170.05,
      "y": 158.36,
      "demand_tons": 0.0517
    },
    {
      "id": 24,
      "x": 16.05,
      "y": 135.56,
      "demand_tons": 0.0519
    },
    {
      "id": 25,
      "x": 12.62,
      "y": 121.16,
      "demand_tons": 0.1408
    },
    {
      "id": 26,
      "x": 85.78,
      "y": 28.98,
      "demand_tons": 0.1009
    },
    {
      "id": 27,
      "x": 37.01,
      "y": 62.43,
      "demand_tons": 0.099
    },
    {
      "id": 28,
      "x": 8.07,
      "y": 31.46,
      "demand_tons": 0.079
    },
    {
      "id": 29,
      "x": 24.77,
      "y": 46.97,
      "demand_tons": 0.1485
    },
    {
      "id": 30,
      "x": 64.8,
      "y": 61.41,
      "demand_tons": 0.139
    },
    {
      "id": 31,
      "x": 15.27,
      "y": 113.12,
      "demand_tons": 0.1223
    },
    {
      "id": 32,
      "x": 87.55,
      "y": 0.62,
      "demand_tons": 0.0518
    },
    {
      "id": 33,
      "x": 198.23,
      "y": 122.01,
      "demand_tons": 0.0793
    },
    {
      "id": 34,
      "x": 165.13,
      "y": 51.79,
      "demand_tons": 0.1251
    },
    {
      "id": 35,
      "x": 152.7,
      "y": 6.43,
      "demand_tons": 0.0711
    },
    {
      "id": 36,
      "x": 164.75,
      "y": 8.85,
      "demand_tons": 0.1093
    },
    {
      "id": 37,
      "x": 73.3,
      "y": 67.9,
      "demand_tons": 0.1051
    },
    {
      "id": 38,
      "x": 171.19,
      "y": 84.41,
      "demand_tons": 0.1165
    },
    {
      "id": 39,
      "x": 117.79,
      "y": 118.55,
      "demand_tons": 0.0503
    },
    {
      "id": 40,
      "x": 110.7,
      "y": 85.0,
      "demand_tons": 0.0628
    },
    {
      "id": 41,
      "x": 37.33,
      "y": 188.07,
      "demand_tons": 0.1268
    },
    {
      "id": 42,
      "x": 96.5,
      "y": 184.07,
      "demand_tons": 0.1179
    },
    {
      "id": 43,
      "x": 71.06,
      "y": 48.79,
      "demand_tons": 0.1005
    },
    {
      "id": 44,
      "x": 122.61,
      "y": 22.96,
      "demand_tons": 0.0884
    },
    {
      "id": 45,
      "x": 131.86,
      "y": 164.64,
      "demand_tons": 0.1038
    },
    {
      "id": 46,
      "x": 92.25,
      "y": 189.21,
      "demand_tons": 0.0762
    },
    {
      "id": 47,
      "x": 71.06,
      "y": 78.07,
      "demand_tons": 0.0772
    },
    {
      "id": 48,
      "x": 111.43,
      "y": 45.35,
      "demand_tons": 0.0705
    },
    {
      "id": 49,
      "x": 182.7,
      "y": 51.35,
      "demand_tons": 0.1437
    },
    {
      "id": 50,
      "x": 146.13,
      "y": 126.89,
      "demand_tons": 0.0614
    },
    {
      "id": 51,
      "x": 36.1,
      "y": 161.21,
      "demand_tons": 0.1167
    },
    {
      "id": 52,
      "x": 61.57,
      "y": 18.05,
      "demand_tons": 0.0778
    },
    {
      "id": 53,
      "x": 127.74,
      "y": 129.09,
      "demand_tons": 0.13
    },
    {
      "id": 54,
      "x": 197.32,
      "y": 137.91,
      "demand_tons": 0.0683
    },
    {
      "id": 55,
      "x": 164.82,
      "y": 154.84,
      "demand_tons": 0.1436
    },
    {
      "id": 56,
      "x": 91.63,
      "y": 36.74,
      "demand_tons": 0.1327
    },
    {
      "id": 57,
      "x": 19.01,
      "y": 159.11,
      "demand_tons": 0.0543
    },
    {
      "id": 58,
      "x": 80.42,
      "y": 61.65,
      "demand_tons": 0.1197
    },
    {
      "id": 59,
      "x": 143.92,
      "y": 33.13,
      "demand_tons": 0.0677
    },
    {
      "id": 60,
      "x": 46.25,
      "y": 153.08,
      "demand_tons": 0.0845
    },
    {
      "id": 61,
      "x": 140.45,
      "y": 5.05,
      "demand_tons": 0.0918
    },
    {
      "id": 62,
      "x": 42.34,
      "y": 52.24,
      "demand_tons": 0.122
    },
    {
      "id": 63,
      "x": 6.09,
      "y": 191.36,
      "demand_tons": 0.1227
    },
    {
      "id": 64,
      "x": 41.01,
      "y": 133.14,
      "demand_tons": 0.144
    },
    {
      "id": 65,
      "x": 172.14,
      "y": 0.93,
      "demand_tons": 0.067
    },
    {
      "id": 66,
      "x": 16.2,
      "y": 180.24,
      "demand_tons": 0.1271
    },
    {
      "id": 67,
      "x": 124.24,
      "y": 99.83,
      "demand_tons": 0.0599
    },
    {
      "id": 68,
      "x": 125.6,
      "y": 5.63,
      "demand_tons": 0.0591
    },
    {
      "id": 69,
      "x": 70.77,
      "y": 158.4,
      "demand_tons": 0.1445
    },
    {
      "id": 70,
      "x": 100.29,
      "y": 102.39,
      "demand_tons": 0.0542
    },
    {
      "id": 71,
      "x": 45.19,
      "y": 191.0,
      "demand_tons": 0.1415
    },
    {
      "id": 72,
      "x": 123.73,
      "y": 3.58,
      "demand_tons": 0.0788
    },
    {
      "id": 73,
      "x": 7.46,
      "y": 31.31,
      "demand_tons": 0.143
    },
    {
      "id": 74,
      "x": 123.7,
      "y": 185.17,
      "demand_tons": 0.1002
    },
    {
      "id": 75,
      "x": 153.79,
      "y": 70.63,
      "demand_tons": 0.0708
    }
  ],
  "stations": [
    {
      "id": 76,
      "x": 48.95,
      "y": 160.75
    },
    {
      "id": 77,
      "x": 171.31,
      "y": 124.07
    },
    {
      "id": 78,
      "x": 157.76,
      "y": 0.97
    },
    {
      "id": 79,
      "x": 18.23,
      "y": 198.38
    }
  ],
  "distance_matrix_miles": [
    [
      0.0,
      88.5005,
      20.9458,
      93.9924,
      33.193,
      104.8589,
      41.732,
      120.7578,
      51.5827,
      68.4755,
      55.02,
      77.1236,
      52.1862,
      121.7541,
      84.8722,
      128.1377,
      88.3968,
      131.2349,
      96.9146,
      74.8199,
      81.9926,
      60.1948,
      17.3273,
      91.1751,
      91.1708,
      89.9056,
      72.4296,
      73.3433,
      114.6685,
      92.042,
      52.2324,
      85.7398,
      100.1568,
      100.6656,
      81.0316,
      107.3901,
      111.8074,
      41.7528,
      72.877,
      25.7019,
      18.4253,
      108.0919,
      84.1428,
      58.8217,
      80.2893,
      72.0652,
      89.546,
      36.3104,
      55.8325,
      95.9485,
      53.3952,
      88.4866,
      90.5134,
      40.1962,
      104.443,
      84.9062,
      63.8113,
      100.2665,
      43.0592,
      80.0035,
      75.5417,
      103.2071,
      74.8712,
      131.0181,
      67.6615,
      122.5522,
      116.0211,
      24.2406,
      97.7807,
      65.3066,
      2.4075,
      106.2315,
      99.2972,
      115.2474,
      88.406,
      61.2859,
      79.3515,
      75.2627,
      114.6436,
      127.9256
    ],
    [
      88.5005,
      0.0,
      76.9026,
      38.6157,
      110.1687,
      69.323,
      129.4914,
      193.7365,
      102.2433,
      47.3563,
      63.8436,
      160.5506,
      108.4437,
      194.0833,
      126.0535,
      206.0024,
      88.747,
      198.7426,
      78.299,
      21.4788,
      122.6812,
      144.9514,
      71.3404,
      166.152,
      144.9072,
      134.811,
      18.0411,
      74.3791,
      85.7799,
      75.464,
      56.2934,
      126.7684,
      11.9817,
      153.285,
      83.6621,
      61.3543,
      73.2235,
      58.9112,
      107.6748,
      109.821,
      75.5566,
      184.3367,
      172.24,
      42.2179,
      32.9327,
      157.9594,
      177.3112,
      69.2817,
      38.8912,
      99.2841,
      127.2687,
      159.2878,
      30.6435,
      122.639,
      164.4912,
      160.6066,
      24.84,
      164.13,
      50.9885,
      56.4725,
      148.2819,
      49.3378,
      63.6622,
      198.7867,
      131.3677,
      81.2936,
      184.4506,
      93.7961,
      34.5831,
      147.972,
      90.9073,
      185.0129,
      33.1994,
      86.3401,
      176.2202,
      85.5456,
      154.837,
      137.6132,
      67.0666,
      200.3908
    ],
    [
      20.9458,
      76.9026,
      0.0,
      75.7915,
      54.0577,
      107.4506,
      54.3758,
      141.6201,
      37.7576,
      49.0682,
      34.1865,
      96.8606,
      40.869,
      121.2311,
      102.5205,
      148.561,
      67.8423,
      128.4961,
      75.9715,
      59.9629,
      99.4274,
      68.1087,
      14.538,
      112.0344,
      81.6678,
      77.3556,
      59.3831,
      52.4435,
      93.7507,
      71.1017,
      32.2531,
      71.8035,
      87.7974,
      120.4108,
      90.2004,
      107.7396,
      114.2417,
      22.4183,
      88.6345,
      46.3874,
      28.2511,
      109.5949,
      96.7875,
      41.1528,
      76.5787,
      90.8485,
      101.3865,
      15.4383,
      51.6899,
      106.6575,
      74.3082,
      86.5145,
      73.3226,
      60.8232,
      124.9586,
      105.7534,
      52.3182,
      95.2138,
      26.7224,
      82.4425,
      74.3187,
      101.3372,
      54.0645,
      128.3954,
      61.2003,
      125.0611,
      113.4501,
      43.1736,
      93.1482,
      71.1176,
      22.5968,
      109.3339,
      94.1407,
      94.3272,
      105.2312,
      73.3065,
      79.9182,
      95.6206,
      115.1783,
      127.5565
    ],
    [
      93.9924,
      38.6157,
      75.7915,
      0.0,
      123.2192,
      107.4137,
      129.6787,
      211.2811,
      86.5078,
      27.757,
      47.4231,
      170.996,
      93.4822,
      177.4056,
      152.9461,
      220.84,
      56.6601,
      179.2556,
      42.2498,
      26.4885,
      149.499,
      140.2265,
      77.5925,
      182.1965,
      123.0886,
      110.6802,
      33.9883,
      47.1044,
      47.3045,
      40.588,
      44.5542,
      102.2313,
      38.3622,
      178.0381,
      116.533,
      99.8989,
      111.6415,
      53.393,
      134.9733,
      119.0797,
      87.8536,
      170.5293,
      171.244,
      35.1715,
      69.2563,
      165.9855,
      175.2358,
      62.2837,
      63.921,
      133.348,
      142.7168,
      143.9567,
      8.0642,
      133.3503,
      187.044,
      176.1544,
      42.3415,
      144.9651,
      51.0147,
      91.6166,
      134.9654,
      87.9454,
      35.7213,
      179.4295,
      115.5083,
      119.8964,
      166.1727,
      107.927,
      73.1967,
      141.1493,
      96.2175,
      172.8903,
      71.7483,
      47.8498,
      181.0218,
      113.1082,
      142.513,
      158.3099,
      105.6823,
      183.4936
    ],
    [
      33.193,
      110.1687,
      54.0577,
      123.2192,
      0.0,
      105.5512,
      43.5784,
      88.5566,
      81.4942,
      99.558,
      87.8238,
      50.4832,
      80.3643,
      133.1082,
      58.4359,
      97.6786,
      121.5507,
      145.2272,
      129.9093,
      100.968,
      56.2387,
      65.2185,
      46.3059,
      59.1518,
      115.1538,
      116.9434,
      96.7868,
      106.5,
      147.5355,
      125.0207,
      84.1869,
      114.1722,
      122.1502,
      69.1296,
      72.922,
      111.3996,
      112.2262,
      73.5041,
      51.9928,
      12.0569,
      35.676,
      117.328,
      76.1802,
      88.5369,
      92.6606,
      49.3304,
      82.6677,
      69.2617,
      72.2941,
      83.2906,
      20.2962,
      103.9708,
      118.6373,
      13.8225,
      71.5434,
      53.0193,
      87.2397,
      118.7584,
      72.7106,
      83.5085,
      91.3197,
      110.87,
      107.5561,
      144.8612,
      90.1782,
      122.1536,
      130.4871,
      16.3806,
      109.8065,
      72.742,
      31.891,
      113.2015,
      111.9347,
      148.1227,
      70.034,
      50.9467,
      92.3838,
      42.7839,
      117.858,
      138.7583
    ],
    [
      104.8589,
      69.323,
      107.4506,
      107.4137,
      105.5512,
      0.0,
      143.0985,
      165.479,
      143.9034,
      107.0939,
      115.6478,
      150.4146,
      148.0064,
      226.4058,
      85.5604,
      182.132,
      149.6524,
      235.0932,
      143.5735,
      84.0556,
      83.0826,
      163.8016,
      94.1692,
      144.0435,
      188.6765,
      182.5596,
      76.4428,
      132.7613,
      153.7163,
      139.8844,
      106.8539,
      175.7859,
      74.6329,
      113.7158,
      37.4244,
      11.5541,
      6.9505,
      102.5016,
      70.5603,
      112.5102,
      86.4337,
      212.9508,
      181.2702,
      96.0849,
      39.1508,
      152.8071,
      187.5966,
      109.96,
      58.2089,
      42.7412,
      113.2421,
      192.501,
      99.3496,
      119.1747,
      128.5777,
      140.2859,
      72.681,
      202.4887,
      93.1845,
      25.0989,
      179.7481,
      22.538,
      124.3503,
      234.9347,
      168.5627,
      17.7308,
      219.9086,
      92.7549,
      36.3855,
      169.6814,
      106.6492,
      210.9336,
      38.7337,
      154.3064,
      174.5611,
      56.4644,
      184.0672,
      109.9577,
      13.9878,
      232.6257
    ],
    [
      41.732,
      129.4914,
      54.3758,
      129.6787,
      43.5784,
      143.0985,
      0.0,
      104.8634,
      58.6854,
      102.2941,
      84.4798,
      53.6382,
      54.1516,
      89.5412,
      100.7809,
      106.1068,
      108.0355,
      101.9075,
      121.7774,
      114.0569,
      98.9344,
      21.7389,
      58.2972,
      77.4976,
      78.6043,
      84.2766,
      112.7132,
      97.6122,
      139.7776,
      117.3174,
      85.2674,
      84.0559,
      140.9086,
      105.5783,
      114.1046,
      146.9705,
      150.008,
      76.4413,
      95.5713,
      32.6423,
      58.6586,
      73.7792,
      42.7597,
      95.4769,
      121.705,
      44.0706,
      47.9001,
      67.4704,
      97.5017,
      126.062,
      53.6772,
      61.6245,
      127.6158,
      35.4886,
      102.9378,
      71.6593,
      104.6577,
      77.4903,
      80.9336,
      119.0042,
      49.5947,
      143.8657,
      103.2317,
      101.5171,
      54.0586,
      160.4926,
      87.3679,
      51.1154,
      139.2608,
      29.1656,
      39.4066,
      69.9263,
      140.8589,
      140.273,
      52.6827,
      92.3318,
      49.4501,
      78.7905,
      154.009,
      95.1801
    ],
    [
      120.7578,
      193.7365,
      141.6201,
      211.2811,
      88.5566,
      165.479,
      104.8634,
      0.0,
      161.5157,
      188.1133,
      175.7734,
      51.6595,
      158.0397,
      172.7151,
      80.5964,
      19.4241,
      207.3512,
      188.1775,
      217.4897,
      187.8388,
      82.6889,
      116.3177,
      134.8624,
      29.5857,
      181.8071,
      188.8878,
      182.7613,
      193.5689,
      235.353,
      212.6467,
      172.6293,
      188.919,
      205.476,
      55.15,
      128.2157,
      175.209,
      170.4426,
      161.9722,
      95.0669,
      95.2741,
      123.4399,
      156.1586,
      96.8543,
      176.9424,
      169.3255,
      62.4493,
      101.5862,
      157.0434,
      154.8516,
      125.9991,
      68.6166,
      157.7741,
      206.2455,
      80.9835,
      39.2387,
      35.8709,
      173.045,
      174.9887,
      161.1884,
      151.9646,
      148.7627,
      179.7506,
      195.6289,
      187.5567,
      158.2562,
      177.2326,
      176.9212,
      103.3595,
      184.1064,
      123.7141,
      119.0234,
      148.5687,
      186.7018,
      235.9253,
      69.8787,
      113.3228,
      145.0442,
      57.162,
      179.462,
      176.1719
    ],
    [
      51.5827,
      102.2433,
      37.7576,
      86.5078,
      81.4942,
      143.9034,
      58.6854,
      161.5157,
      0.0,
      59.8364,
      39.9789,
      111.5173,
      7.0285,
      92.2535,
      136.4107,
      164.3943,
      50.397,
      96.5221,
      66.3291,
      81.6311,
      133.5612,
      59.6735,
      52.2584,
      132.7568,
      44.8891,
      39.6019,
      84.3244,
      43.8188,
      83.7035,
      62.4479,
      46.1927,
      34.4111,
      111.1002,
      150.6004,
      127.9437,
      143.121,
      150.5564,
      44.2874,
      124.2249,
      70.5371,
      65.1152,
      84.1521,
      92.7055,
      60.2229,
      110.2325,
      102.5789,
      95.1211,
      34.8023,
      86.3938,
      144.2874,
      99.9977,
      57.902,
      87.5911,
      82.7903,
      152.358,
      126.5549,
      80.4043,
      61.9675,
      53.4994,
      119.162,
      48.4585,
      135.4882,
      52.8159,
      96.5561,
      29.4625,
      161.3034,
      82.2254,
      75.7654,
      125.4404,
      58.1035,
      51.7107,
      86.3885,
      125.9413,
      84.1316,
      110.0643,
      110.5352,
      56.0709,
      124.2029,
      150.5494,
      98.5081
    ],
    [
      68.4755,
      47.3563,
      49.0682,
      27.757,
      99.558,
      107.0939,
      102.2941,
      188.1133,
      59.8364,
      0.0,
      20.0023,
      145.5317,
      66.6904,
      151.7359,
      136.3885,
      196.4633,
      42.8508,
      154.6934,
      37.9135,
      26.0373,
      132.9801,
      112.4698,
      53.253,
      158.6835,
      99.3768,
      88.2917,
      32.0845,
      27.1611,
      52.2509,
      33.6163,
      17.0343,
      80.0643,
      53.655,
      159.3612,
      106.947,
      102.1639,
      112.5715,
      26.8088,
      119.3052,
      94.0627,
      65.4881,
      143.9742,
      143.588,
      13.0848,
      68.1355,
      139.8687,
      147.5157,
      34.8281,
      53.0708,
      124.471,
      119.6041,
      117.6942,
      27.7761,
      108.5241,
      166.8042,
      152.507,
      34.4398,
      120.0994,
      27.2574,
      86.4697,
      108.1203,
      91.5768,
      17.3263,
      154.8111,
      89.2035,
      122.2492,
      141.0483,
      85.3038,
      78.2433,
      113.4408,
      70.5598,
      145.9554,
      77.7321,
      52.8787,
      154.0712,
      98.6478,
      115.494,
      137.5099,
      108.976,
      157.9238
    ],
    [
      55.02,
      63.8436,
      34.1865,
      47.4231,
      87.8238,
      115.6478,
      84.4798,
      175.7734,
      39.9789,
      20.0023,
      0.0,
      130.6755,
      46.7655,
      132.118,
      131.4929,
      182.6672,
      37.6637,
      135.6089,
      42.1818,
      42.5819,
      128.1968,
      93.1981,
      42.8883,
      146.1888,
      81.0939,
      71.1465,
      46.5388,
      20.299,
      59.7123,
      37.279,
      8.8013,
      63.2815,
      71.7777,
      152.0232,
      108.9488,
      112.4638,
      121.728,
      16.4021,
      115.6697,
      80.5719,
      57.0404,
      124.0491,
      124.8625,
      21.8764,
      78.1983,
      124.1127,
      128.5215,
      18.7484,
      58.0186,
      126.4455,
      108.12,
      97.8805,
      47.7634,
      95.0086,
      157.8024,
      139.9142,
      45.0331,
      100.9551,
      23.6916,
      92.7306,
      88.1454,
      103.0543,
      19.8788,
      135.6964,
      69.4208,
      132.0061,
      121.704,
      75.3979,
      91.0721,
      93.8073,
      56.7656,
      125.9605,
      91.057,
      60.299,
      136.8864,
      96.8607,
      95.495,
      128.3425,
      119.6559,
      138.3412
    ],
    [
      77.1236,
      160.5506,
      96.8606,
      170.996,
      50.4832,
      150.4146,
      53.6382,
      51.6595,
      111.5173,
      145.5317,
      130.6755,
      0.0,
      107.5078,
      125.3246,
      79.1197,
      52.954,
      159.2499,
      140.269,
      171.1073,
      150.3088,
      79.1151,
      64.9183,
      93.4742,
      27.5473,
      130.1682,
      137.3044,
      146.6478,
      146.8374,
      189.1735,
      166.3919,
      129.0206,
      137.5541,
      172.5306,
      69.2976,
      114.3265,
      157.8334,
      156.6263,
      118.7379,
      84.3799,
      51.9862,
      85.3506,
      108.4614,
      50.7317,
      135.843,
      142.488,
      11.24,
      56.7516,
      112.0968,
      122.7698,
      119.386,
      37.2052,
      107.0156,
      167.1422,
      38.1042,
      60.1756,
      23.5793,
      137.2391,
      124.1652,
      119.9819,
      130.8427,
      97.4404,
      158.9418,
      150.4398,
      139.7014,
      106.6245,
      165.6096,
      127.9189,
      66.8497,
      159.3019,
      72.5242,
      74.9872,
      101.5533,
      161.553,
      189.7142,
      28.7232,
      93.9524,
      94.1851,
      48.8768,
      163.6597,
      129.5051
    ],
    [
      52.1862,
      108.4437,
      40.869,
      93.4822,
      80.3643,
      148.0064,
      54.1516,
      158.0397,
      7.0285,
      66.6904,
      46.7655,
      107.5078,
      0.0,
      85.7539,
      136.4901,
      160.2139,
      56.5253,
      90.5526,
      72.9355,
      88.0407,
      133.7455,
      53.4457,
      55.0862,
      129.6045,
      40.801,
      37.7279,
      90.4623,
      50.7315,
      90.131,
      69.1562,
      52.6623,
      33.9002,
      117.5239,
      149.4467,
      130.5438,
      147.6629,
      154.7312,
      50.0127,
      125.0616,
      68.9919,
      67.0969,
      77.2876,
      86.4976,
      66.61,
      115.1992,
      98.2156,
      88.7007,
      40.1347,
      91.0002,
      146.5578,
      98.1738,
      51.2081,
      94.4614,
      80.5029,
      150.4819,
      123.4657,
      86.1563,
      56.1825,
      59.0122,
      123.1053,
      41.4908,
      140.3909,
      59.8376,
      90.5572,
      22.939,
      165.5197,
      76.0536,
      76.0307,
      130.7473,
      51.4751,
      51.9886,
      79.4083,
      131.3447,
      90.5437,
      104.6829,
      112.4168,
      49.0604,
      122.7957,
      155.1039,
      92.0358
    ],
    [
      121.7541,
      194.0833,
      121.2311,
      177.4056,
      133.1082,
      226.4058,
      89.5412,
      172.7151,
      92.2535,
      151.7359,
      132.118,
      125.3246,
      85.7539,
      0.0,
      189.7712,
      164.9056,
      129.1505,
      15.7553,
      148.1014,
      173.7946,
      188.1183,
      68.102,
      132.9058,
      152.864,
      57.3926,
      72.0706,
      176.0613,
      131.2677,
      161.7955,
      145.8062,
      138.4003,
      79.8232,
      203.2778,
      190.7259,
      201.5161,
      228.0926,
      233.3392,
      135.3047,
      185.0952,
      121.8673,
      140.1211,
      16.8857,
      75.8957,
      152.3638,
      197.8033,
      114.2665,
      71.237,
      125.0716,
      172.8594,
      214.7158,
      141.3061,
      34.9072,
      179.3068,
      124.1859,
      184.55,
      148.6307,
      171.1939,
      33.6849,
      143.8778,
      201.3875,
      46.9536,
      222.4145,
      142.0865,
      15.0724,
      62.8281,
      244.1318,
      13.4168,
      138.8102,
      214.3051,
      60.3793,
      120.1348,
      24.152,
      215.1991,
      161.9953,
      102.8781,
      180.3193,
      42.4069,
      165.1582,
      235.4737,
      6.3371
    ],
    [
      84.8722,
      126.0535,
      102.5205,
      152.9461,
      58.4359,
      85.5604,
      100.7809,
      80.5964,
      136.4107,
      136.3885,
      131.4929,
      79.1197,
      136.4901,
      189.7712,
      0.0,
      98.2571,
      168.6521,
      202.6244,
      172.4164,
      126.7872,
      3.4472,
      121.7331,
      89.637,
      63.3534,
      173.1651,
      173.9116,
      119.9988,
      151.7323,
      188.4139,
      167.6033,
      125.1052,
      170.3285,
      136.7497,
      28.6036,
      49.0785,
      95.858,
      90.1599,
      115.1816,
      18.3788,
      70.4764,
      75.0357,
      173.4638,
      124.1911,
      123.4473,
      96.5081,
      86.0974,
      130.8289,
      115.2736,
      89.5912,
      45.449,
      49.0363,
      162.0795,
      146.2251,
      65.5962,
      43.0191,
      61.4333,
      110.8319,
      177.1395,
      110.133,
      75.6274,
      149.5725,
      101.8661,
      149.261,
      202.2174,
      148.333,
      96.654,
      188.1486,
      60.6483,
      108.6677,
      129.6374,
      84.708,
      168.4542,
      111.4065,
      189.0381,
      107.4827,
      40.5524,
      150.1797,
      30.4735,
      99.5264,
      195.1347
    ],
    [
      128.1377,
      206.0024,
      148.561,
      220.84,
      97.6786,
      182.132,
      106.1068,
      19.4241,
      164.3943,
      196.4633,
      182.6672,
      52.954,
      160.2139,
      164.9056,
      98.2571,
      0.0,
      212.1418,
      180.5943,
      223.6321,
      198.476,
      100.0861,
      114.1417,
      143.466,
      39.9571,
      180.0353,
      188.4397,
      193.9193,
      199.4238,
      241.6627,
      218.8716,
      180.3699,
      189.34,
      217.8853,
      74.0092,
      144.7213,
      191.4859,
      187.3578,
      169.863,
      111.5759,
      102.4492,
      133.2989,
      148.8214,
      90.155,
      185.9738,
      183.3434,
      62.0628,
      93.9186,
      163.9559,
      167.1954,
      143.6877,
      78.9164,
      153.6515,
      216.3138,
      87.9613,
      58.2034,
      45.3982,
      184.2554,
      170.7935,
      170.0801,
      167.2477,
      145.8923,
      195.3328,
      202.5234,
      179.9368,
      157.6257,
      194.5636,
      170.4303,
      113.4477,
      198.7661,
      120.8934,
      126.1788,
      140.8568,
      201.2906,
      242.2135,
      63.0609,
      128.4708,
      141.2552,
      72.4332,
      196.0729,
      167.794
    ],
    [
      88.3968,
      88.747,
      67.8423,
      56.6601,
      121.5507,
      149.6524,
      108.0355,
      207.3512,
      50.397,
      42.8508,
      37.6637,
      159.2499,
      56.5253,
      129.1505,
      168.6521,
      212.1418,
      0.0,
      128.178,
      18.9869,
      68.2256,
      165.3998,
      109.9576,
      79.2078,
      177.9374,
      72.0503,
      57.9737,
      74.8166,
      17.5983,
      34.0858,
      17.4507,
      45.4024,
      49.7061,
      92.7514,
      188.0829,
      146.1571,
      144.9925,
      155.2693,
      54.0222,
      153.1617,
      112.6559,
      93.7281,
      125.7576,
      143.011,
      53.6901,
      110.8728,
      151.1526,
      145.1903,
      53.6028,
      93.7711,
      163.7082,
      141.6147,
      99.0297,
      62.0321,
      126.5582,
      192.7724,
      171.6362,
      77.0122,
      95.521,
      61.0009,
      128.1429,
      93.4168,
      134.417,
      25.5495,
      128.4666,
      72.8151,
      165.047,
      116.6953,
      110.8796,
      120.9429,
      107.8085,
      89.6691,
      129.9841,
      120.3142,
      34.4348,
      160.1554,
      134.5243,
      101.5397,
      163.4604,
      151.8253,
      134.7955
    ],
    [
      131.2349,
      198.7426,
      128.4961,
      179.2556,
      145.2272,
      235.0932,
      101.9075,
      188.1775,
      96.5221,
      154.6934,
      135.6089,
      140.269,
      90.5526,
      15.7553,
      202.6244,
      180.5943,
      128.178,
      0.0,
      147.1386,
      177.9477,
      200.8307,
      81.003,
      141.0162,
      167.8148,
      56.4461,
      70.2081,
      180.8452,
      132.3892,
      159.5617,
      145.3213,
      142.5383,
      78.4979,
      207.3321,
      204.7623,
      211.8498,
      236.1178,
      241.9882,
      140.5653,
      197.0647,
      133.6844,
      149.3843,
      32.0243,
      91.3233,
      156.6195,
      204.8567,
      129.1389,
      86.8285,
      130.6108,
      180.1327,
      225.6618,
      154.6084,
      42.749,
      181.8304,
      137.0771,
      199.0891,
      163.4305,
      176.7056,
      34.6571,
      149.5106,
      209.9992,
      55.708,
      229.7936,
      143.5825,
      0.743,
      67.9191,
      252.8151,
      15.2169,
      149.7512,
      220.9083,
      73.0121,
      129.8008,
      39.75,
      221.6276,
      159.7028,
      118.4036,
      191.041,
      52.9923,
      178.8644,
      243.5422,
      14.7665
    ],
    [
      96.9146,
      78.299,
      75.9715,
      42.2498,
      129.9093,
      143.5735,
      121.7774,
      217.4897,
      66.3291,
      37.9135,
      42.1818,
      171.1073,
      72.9355,
      148.1014,
      172.4164,
      223.6321,
      18.9869,
      147.1386,
      0.0,
      59.7196,
      169.0581,
      125.8812,
      84.9632,
      187.914,
      91.0369,
      76.9305,
      67.1686,
      24.3052,
      18.0821,
      4.9043,
      47.4089,
      68.6864,
      80.2368,
      193.881,
      144.8471,
      137.6469,
      148.6601,
      57.737,
      155.8909,
      122.2182,
      98.8585,
      144.4286,
      158.8257,
      50.7707,
      104.4232,
      163.7448,
      161.4224,
      60.6514,
      90.9728,
      162.3791,
      150.1987,
      117.6244,
      48.9544,
      136.5375,
      199.9515,
      181.6206,
      71.606,
      114.4892,
      62.3288,
      123.9944,
      111.4743,
      126.3494,
      23.1656,
      147.432,
      90.8643,
      157.8497,
      135.6769,
      117.5471,
      112.1402,
      124.3974,
      98.5345,
      148.4444,
      111.1296,
      18.6124,
      174.3846,
      135.8414,
      119.5639,
      170.4888,
      144.0746,
      153.7662
    ],
    [
      74.8199,
      21.4788,
      59.9629,
      26.4885,
      100.968,
      84.0556,
      114.0569,
      187.8388,
      81.6311,
      26.0373,
      42.5819,
      150.3088,
      88.0407,
      173.7946,
      126.7872,
      198.476,
      68.2256,
      177.9477,
      59.7196,
      0.0,
      123.3422,
      127.7717,
      57.563,
      159.1986,
      123.6717,
      113.3807,
      7.8347,
      53.1803,
      69.9527,
      56.3056,
      35.4437,
      105.3118,
      29.4833,
      152.345,
      90.2277,
      77.9304,
      88.9867,
      39.6746,
      108.7095,
      98.4654,
      65.3005,
      164.6614,
      156.6709,
      21.4311,
      44.9924,
      146.4217,
      161.3441,
      50.0479,
      37.4722,
      107.2035,
      119.6985,
      139.1553,
      19.438,
      112.2337,
      161.9177,
      153.3182,
      15.9614,
      143.2972,
      33.2412,
      66.1223,
      128.5523,
      66.7451,
      42.8062,
      178.0131,
      110.9722,
      98.1324,
      163.8271,
      85.0283,
      52.8451,
      130.0988,
      77.1904,
      165.7713,
      52.1143,
      70.556,
      163.2104,
      86.7475,
      135.3944,
      133.5958,
      84.4153,
      180.0747
    ],
    [
      81.9926,
      122.6812,
      99.4274,
      149.499,
      56.2387,
      83.0826,
      98.9344,
      82.6889,
      133.5612,
      132.9801,
      128.1968,
      79.1151,
      133.7455,
      188.1183,
      3.4472,
      100.0861,
      165.3998,
      200.8307,
      169.0581,
      123.3422,
      0.0,
      120.0349,
      86.4444,
      64.4476,
      170.6793,
      171.2301,
      116.5597,
      148.4471,
      185.0226,
      164.2494,
      121.7647,
      167.5527,
      133.4099,
      31.5939,
      46.3285,
      93.2405,
      87.8288,
      111.872,
      15.019,
      68.2423,
      71.8394,
      171.8871,
      123.3547,
      120.0315,
      93.2628,
      85.7189,
      130.0073,
      112.0662,
      86.155,
      43.6585,
      47.8767,
      160.0747,
      142.7802,
      63.9448,
      45.6169,
      62.2134,
      107.3875,
      174.9963,
      106.7625,
      72.566,
      147.5057,
      99.0158,
      145.9064,
      200.4328,
      145.9032,
      94.5688,
      186.286,
      57.8022,
      105.5933,
      127.891,
      81.8842,
      167.0007,
      108.3254,
      185.647,
      107.2888,
      37.1578,
      148.266,
      30.9184,
      97.0643,
      193.5346
    ],
    [
      60.1948,
      144.9514,
      68.1087,
      140.2265,
      65.2185,
      163.8016,
      21.7389,
      116.3177,
      59.6735,
      112.4698,
      93.1981,
      64.9183,
      53.4457,
      68.102,
      121.7331,
      114.1417,
      109.9576,
      81.003,
      125.8812,
      127.7717,
      120.0349,
      0.0,
      75.2667,
      91.4539,
      65.9083,
      74.7577,
      127.4912,
      102.6515,
      143.3696,
      121.8454,
      95.8614,
      76.6495,
      155.906,
      124.4199,
      135.6468,
      167.1522,
      170.7367,
      88.53,
      117.1882,
      54.3791,
      78.1571,
      52.1163,
      33.0535,
      107.7456,
      140.3805,
      53.8939,
      35.6486,
      78.5646,
      115.6708,
      147.7865,
      73.626,
      42.806,
      139.2676,
      56.1385,
      120.1115,
      86.2119,
      120.2359,
      59.6776,
      94.6371,
      139.3827,
      32.5268,
      163.3721,
      110.1748,
      80.5724,
      44.1532,
      181.3188,
      66.8642,
      72.5717,
      157.7958,
      8.1338,
      58.0745,
      48.2052,
      159.2142,
      143.8011,
      53.5483,
      113.9506,
      30.0063,
      98.1238,
      174.3021,
      73.622
    ],
    [
      17.3273,
      71.3404,
      14.538,
      77.5925,
      46.3059,
      94.1692,
      58.2972,
      134.8624,
      52.2584,
      53.253,
      42.8883,
      93.4742,
      55.0862,
      132.9058,
      89.637,
      143.466,
      79.2078,
      141.0162,
      84.9632,
      57.563,
      86.4444,
      75.2667,
      0.0,
      105.4345,
      95.814,
      91.8601,
      55.1079,
      62.7109,
      102.1571,
      80.061,
      38.1738,
      86.3406,
      82.9245,
      109.1824,
      75.6854,
      95.2195,
      101.0343,
      27.4966,
      74.9816,
      41.5051,
      14.6054,
      120.3696,
      100.9804,
      42.5384,
      65.6662,
      88.9978,
      106.1942,
      25.6559,
      40.6897,
      92.1207,
      66.4037,
      98.5756,
      73.6941,
      55.763,
      115.0063,
      99.2674,
      46.5767,
      108.3532,
      26.6329,
      69.0745,
      85.9977,
      89.7025,
      62.0868,
      140.8752,
      74.5194,
      111.8665,
      125.8623,
      32.6397,
      82.8446,
      79.494,
      19.7245,
      119.3676,
      84.1347,
      102.7595,
      105.7141,
      58.9029,
      90.915,
      85.5445,
      102.62,
      139.1913
    ],
    [
      91.1751,
      166.152,
      112.0344,
      182.1965,
      59.1518,
      144.0435,
      77.4976,
      29.5857,
      132.7568,
      158.6835,
      146.1888,
      27.5473,
      129.6045,
      152.864,
      63.3534,
      39.9571,
      177.9374,
      167.8148,
      187.914,
      159.1986,
      64.4476,
      91.4539,
      105.4345,
      0.0,
      155.6786,
      161.7654,
      154.4041,
      164.0189,
      205.7696,
      183.0683,
      143.0974,
      161.256,
      178.0117,
      45.9939,
      106.6835,
      152.9175,
      149.6039,
      132.4522,
      73.9588,
      65.6958,
      94.3616,
      136.0047,
      77.9141,
      147.6638,
      143.4703,
      38.7029,
      83.6933,
      127.4579,
      127.3089,
      107.7551,
      39.5288,
      133.9803,
      177.355,
      51.4477,
      34.086,
      6.3042,
      144.7105,
      151.0419,
      131.8574,
      127.927,
      123.9125,
      156.1413,
      166.0461,
      167.248,
      131.4814,
      157.4439,
      155.3981,
      74.3257,
      159.0668,
      99.28,
      89.4377,
      129.0558,
      161.5623,
      206.3425,
      53.5453,
      89.2241,
      121.1236,
      34.3131,
      157.8691,
      157.0061
    ],
    [
      91.1708,
      144.9072,
      81.6678,
      123.0886,
      115.1538,
      188.6765,
      78.6043,
      181.8071,
      44.8891,
      99.3768,
      81.0939,
      130.1682,
      40.801,
      57.3926,
      173.1651,
      180.0353,
      72.0503,
      56.4461,
      91.0369,
      123.6717,
      170.6793,
      65.9083,
      95.814,
      155.6786,
      0.0,
      14.8029,
      127.3639,
      76.0744,
      104.4054,
      89.0181,
      88.74,
      22.4536,
      152.7123,
      182.6832,
      171.0037,
      188.0101,
      195.3641,
      88.6309,
      163.3547,
      103.1522,
      107.3077,
      56.6581,
      93.9437,
      102.7382,
      155.0284,
      119.4052,
      93.1921,
      79.5688,
      131.2829,
      186.7178,
      130.3686,
      32.5565,
      126.0185,
      111.8772,
      181.2852,
      150.0141,
      124.4095,
      23.7353,
      98.0111,
      163.8372,
      34.914,
      180.3004,
      87.3693,
      56.6819,
      25.077,
      206.1294,
      44.6803,
      113.9373,
      169.95,
      59.2954,
      90.5352,
      62.6317,
      170.3341,
      104.6033,
      118.5313,
      152.2768,
      41.436,
      155.6846,
      195.4385,
      62.8578
    ],
    [
      89.9056,
      134.811,
      77.3556,
      110.6802,
      116.9434,
      182.5596,
      84.2766,
      188.8878,
      39.6019,
      88.2917,
      71.1465,
      137.3044,
      37.7279,
      72.0706,
      173.9116,
      188.4397,
      57.9737,
      70.2081,
      76.9305,
      113.3807,
      171.2301,
      74.7577,
      91.8601,
      161.7654,
      14.8029,
      0.0,
      117.6841,
      63.5931,
      89.8153,
      75.1783,
      79.3273,
      8.4655,
      141.931,
      185.6119,
      167.5455,
      181.0673,
      189.0954,
      80.7384,
      162.7729,
      105.2024,
      104.5334,
      71.3269,
      104.85,
      93.0196,
      147.4484,
      126.92,
      104.7461,
      72.6084,
      124.5414,
      183.8495,
      133.6329,
      46.4253,
      114.1393,
      115.3928,
      185.458,
      155.882,
      115.6258,
      38.4842,
      90.2124,
      158.079,
      46.3666,
      172.6906,
      75.0549,
      70.5031,
      30.8142,
      199.7546,
      59.1884,
      113.6398,
      161.591,
      69.0524,
      89.6568,
      77.0612,
      161.773,
      89.998,
      128.2031,
      149.9408,
