# EVRP Instance: C10R2
# Generated following Zhang, Gajpal, Appadoo & Abdulkader (2018)
# Int. J. Production Economics, 203, 404-413
#
# Node indexing:
#   0          = Depot
#   1..10       = Customers
#   11..12     = Recharging Stations
#
# Coordinates in miles. Distances computed as Euclidean.
# Speeds in km/h. Demands in tons.
# Energy formula: E_ij = eff_d * eff_m * [alpha*(w+L)*d + beta*s^2*d]
#   with d in meters, s in m/s

NAME: C10R2
CUSTOMERS: 10
STATIONS: 2
TOTAL_NODES: 13
VEHICLE_CAPACITY_TONS: 3.0
BATTERY_CAPACITY_KWH: 110.0
CURB_WEIGHT_KG: 2500
ALPHA: 0.0981
BETA: 2.11
EFF_MOTOR: 1.25
EFF_BATTERY_DISCHARGE: 1.11
EFF_RECHARGE: 1.25
EMISSION_RATE_KG_PER_KWH: 0.69
MAX_VEHICLES: 3
GRID_SIZE_MILES: 200
MILES_TO_METERS: 1609.34

NODE_COORD_SECTION
# NodeID  Type       X_miles   Y_miles   Demand_tons
0	D	100.00	100.00	0.0000
1	C	23.83	163.77	0.1249
2	C	45.99	48.43	0.1496
3	C	32.64	96.19	0.1136
4	C	50.01	148.35	0.1053
5	C	147.80	122.28	0.0715
6	C	199.41	143.19	0.1314
7	C	16.27	15.29	0.1207
8	C	0.36	126.07	0.0849
9	C	85.45	79.74	0.1173
10	C	123.51	79.94	0.0921
11	S	2.69	148.39	0.0000
12	S	58.06	173.92	0.0000

DISTANCE_MATRIX_MILES
0.0000	99.3402	74.6763	67.4677	69.5465	52.7374	108.3869	119.1071	102.9941	24.9433	30.9051	108.6776	84.9890
99.3402	0.0000	117.4495	68.1518	30.3837	130.7287	176.7820	148.6723	44.4087	104.2020	130.2443	26.1428	35.7032
74.6763	117.4495	0.0000	49.5907	100.0008	125.7740	180.3251	44.5145	90.0559	50.3727	83.6793	108.9353	126.0691
67.4677	68.1518	49.5907	0.0000	54.9762	118.0784	173.2664	82.5396	43.9865	55.3127	92.3115	60.1817	81.7810
69.5465	30.3837	100.0008	54.9762	0.0000	101.2054	149.4891	137.2711	54.4199	77.2226	100.4100	47.3200	26.8072
52.7374	130.7287	125.7740	118.0784	101.2054	0.0000	55.6850	169.5494	147.4887	75.4796	48.8127	147.4403	103.5372
108.3869	176.7820	180.3251	173.2664	149.4891	55.6850	0.0000	223.3801	199.7849	130.4331	98.7997	196.7887	144.6518
119.1071	148.6723	44.5145	82.5396	137.2711	169.5494	223.3801	0.0000	111.9166	94.5499	125.2200	133.7910	164.0423
102.9941	44.4087	90.0559	43.9865	54.4199	147.4887	199.7849	111.9166	0.0000	96.8854	131.5063	22.4413	74.9594
24.9433	104.2020	50.3727	55.3127	77.2226	75.4796	130.4331	94.5499	96.8854	0.0000	38.0605	107.5269	98.0820
30.9051	130.2443	83.6793	92.3115	100.4100	48.8127	98.7997	125.2200	131.5063	38.0605	0.0000	138.8628	114.5249
108.6776	26.1428	108.9353	60.1817	47.3200	147.4403	196.7887	133.7910	22.4413	107.5269	138.8628	0.0000	60.9723
84.9890	35.7032	126.0691	81.7810	26.8072	103.5372	144.6518	164.0423	74.9594	98.0820	114.5249	60.9723	0.0000

SPEED_MATRIX_KMH
0	30	40	60	30	80	60	80	80	80	30	40	40
30	0	30	30	40	80	30	40	80	60	40	40	60
60	40	0	30	80	80	80	60	60	30	60	40	80
80	60	80	0	40	60	40	40	30	80	60	60	60
30	30	60	80	0	40	60	60	40	40	80	60	40
40	40	80	60	40	0	40	30	80	80	80	40	60
40	40	60	40	30	40	0	30	60	60	60	80	40
80	60	60	40	80	40	60	0	80	30	60	40	30
30	80	80	80	40	60	60	30	0	60	40	40	40
40	60	40	80	30	40	40	80	40	0	30	40	80
60	30	80	60	30	30	30	30	80	30	0	30	40
30	30	40	40	60	60	80	60	80	40	60	0	60
30	80	80	60	30	30	60	60	60	40	30	40	0

EOF
