# EVRP Instance: C24R2
# Generated following Zhang, Gajpal, Appadoo & Abdulkader (2018)
# Int. J. Production Economics, 203, 404-413
#
# Node indexing:
#   0          = Depot
#   1..24       = Customers
#   25..26     = Recharging Stations
#
# Coordinates in miles. Distances computed as Euclidean.
# Speeds in km/h. Demands in tons.
# Energy formula: E_ij = eff_d * eff_m * [alpha*(w+L)*d + beta*s^2*d]
#   with d in meters, s in m/s

NAME: C24R2
CUSTOMERS: 24
STATIONS: 2
TOTAL_NODES: 27
VEHICLE_CAPACITY_TONS: 3.0
BATTERY_CAPACITY_KWH: 110.0
CURB_WEIGHT_KG: 2500
ALPHA: 0.0981
BETA: 2.11
EFF_MOTOR: 1.25
EFF_BATTERY_DISCHARGE: 1.11
EFF_RECHARGE: 1.25
EMISSION_RATE_KG_PER_KWH: 0.69
MAX_VEHICLES: 3
GRID_SIZE_MILES: 200
MILES_TO_METERS: 1609.34

NODE_COORD_SECTION
# NodeID  Type       X_miles   Y_miles   Demand_tons
0	D	100.00	100.00	0.0000
1	C	133.07	97.78	0.0599
2	C	88.03	41.47	0.0800
3	C	3.52	92.40	0.1384
4	C	135.71	73.40	0.0654
5	C	132.66	87.52	0.0588
6	C	36.83	11.04	0.1249
7	C	46.33	88.05	0.1336
8	C	82.99	3.55	0.1494
9	C	146.46	102.61	0.1283
10	C	5.95	93.58	0.0761
11	C	124.32	115.87	0.0639
12	C	198.74	172.16	0.0523
13	C	143.10	53.25	0.1158
14	C	121.33	66.47	0.1118
15	C	176.58	27.14	0.1115
16	C	117.51	110.42	0.0566
17	C	4.70	48.05	0.0905
18	C	34.55	76.66	0.0912
19	C	56.16	59.89	0.0984
20	C	29.95	149.04	0.0972
21	C	123.33	59.50	0.0758
22	C	92.80	95.63	0.0885
23	C	135.44	155.06	0.0558
24	C	164.43	185.09	0.0971
25	S	51.04	1.79	0.0000
26	S	139.49	73.81	0.0000

DISTANCE_MATRIX_MILES
0.0000	33.1444	59.7415	96.7789	44.5282	34.9632	109.1070	54.9843	97.9385	46.5333	94.2689	29.0400	122.2974	63.5859	39.7395	105.7028	20.3759	108.5398	69.4871	59.4202	85.5098	46.7391	8.4224	65.4797	106.7311	109.7373	47.3854
33.1444	0.0000	72.1070	129.6617	24.5225	10.2682	129.5607	87.2840	106.7113	14.2345	127.1894	20.0950	99.2216	45.6456	33.4387	82.9646	20.0470	137.6660	100.7583	85.7368	115.1578	39.4997	40.3274	57.3290	92.7711	126.2656	24.8149
59.7415	72.1070	0.0000	98.6702	57.3839	64.1283	59.5603	62.5187	38.2535	84.5705	97.2244	82.7788	171.2792	56.3158	41.6400	89.7020	74.9878	83.5894	64.0191	36.8102	122.2481	39.6380	54.3696	123.0869	162.6766	54.2472	60.7783
96.7789	129.6617	98.6702	0.0000	133.5485	129.2322	87.9148	43.0304	119.2049	143.3042	2.7014	123.0589	210.8851	144.9665	120.6299	184.9558	115.4055	44.3657	34.7938	61.8698	62.5031	124.2451	89.3384	146.0451	185.6972	102.3148	137.2349
44.5282	24.5225	57.3839	133.5485	0.0000	14.4457	116.9018	90.5727	87.5124	31.1253	131.3198	43.9708	117.1594	21.4624	15.9627	61.7280	41.2519	133.4400	101.2125	80.6890	130.0253	18.6138	48.3264	81.6604	115.3234	110.8918	3.8022
34.9632	10.2682	64.1283	129.2322	14.4457	0.0000	122.6074	86.3316	97.5606	20.4487	126.8548	29.5513	107.3801	35.8249	23.9055	74.6640	27.4578	133.9091	98.7092	81.3367	119.7249	29.5325	40.6767	67.5972	102.6121	118.3700	15.3171
109.1070	129.5607	59.5603	87.9148	116.9018	122.6074	0.0000	77.5938	46.7637	142.8419	88.1273	136.5424	228.4174	114.3460	101.0581	140.6743	128.0064	49.0110	65.6596	52.5354	138.1714	99.1495	101.4303	174.5442	215.8128	16.9554	120.3293
54.9843	87.2840	62.5187	43.0304	90.5727	86.3316	77.5938	0.0000	92.1097	101.1831	40.7569	82.8033	174.0784	102.8371	78.0429	143.7884	74.6124	57.7326	16.3860	29.8264	63.1513	82.1225	47.0842	111.4941	152.8541	86.3885	94.2420
97.9385	106.7113	38.2535	119.2049	87.5124	97.5606	46.7637	92.1097	0.0000	117.6492	118.4929	119.6827	204.5175	77.9955	73.6809	96.5172	112.3068	90.0532	87.7012	62.4023	154.8566	68.9762	92.6011	160.3318	198.9705	31.9984	90.1594
46.5333	14.2345	84.5705	143.3042	31.1253	20.4487	142.8419	101.1831	117.6492	0.0000	140.7999	25.8071	87.0081	49.4742	44.0184	81.2584	29.9850	151.8970	114.8793	99.8954	125.4206	48.9231	54.1121	53.5952	84.4149	138.8152	29.6314
94.2689	127.1894	97.2244	2.7014	131.3198	126.8548	88.1273	40.7569	118.4929	140.7999	0.0000	120.4504	208.1893	142.9567	118.5221	183.1089	112.8238	45.5472	33.2302	60.4654	60.4302	122.2273	86.8742	143.3438	183.0027	102.2669	134.9955
29.0400	20.0950	82.7788	123.0589	43.9708	29.5513	136.5424	82.8033	119.6827	25.8071	120.4504	0.0000	93.3108	65.3755	49.4904	102.9763	8.7223	137.5082	97.9596	88.2017	100.0297	56.3787	37.4589	40.7371	80.0014	135.5884	44.7121
122.2974	99.2216	171.2792	210.8851	117.1594	107.3801	228.4174	174.0784	204.5175	87.0081	208.1893	93.3108	0.0000	131.2837	131.0064	146.7033	102.0301	230.3363	189.9437	181.4762	170.3661	135.5690	130.6910	65.5690	36.6655	225.4800	114.8185
63.5859	45.6456	56.3158	144.9665	21.4624	35.8249	114.3460	102.8371	77.9955	49.4742	142.9567	65.3755	131.2837	0.0000	25.4696	42.4575	62.6359	138.4977	111.0456	87.1932	148.2520	20.7344	65.7735	102.0978	133.5543	105.4665	20.8745
39.7395	33.4387	41.6400	120.6299	15.9627	23.9055	101.0581	78.0429	73.6809	44.0184	118.5221	49.4904	131.0064	25.4696	0.0000	67.8190	44.1157	118.0756	87.3762	65.5013	123.1589	7.2513	40.7954	89.7066	126.2074	95.5206	19.5873
105.7028	82.9646	89.7020	184.9558	61.7280	74.6640	140.6743	143.7884	96.5172	81.2584	183.1089	102.9763	146.7033	42.4575	67.8190	0.0000	102.1020	173.1472	150.4153	124.7940	190.6829	62.3116	108.2126	134.3727	158.4166	128.0739	59.6134
20.3759	20.0470	74.9878	115.4055	41.2519	27.4578	128.0064	74.6124	112.3068	29.9850	112.8238	8.7223	102.0301	62.6359	44.1157	102.1020	0.0000	128.9035	89.5662	79.4802	95.6988	51.2515	28.7981	48.1063	88.1878	127.3528	42.7014
108.5398	137.6660	83.5894	44.3657	133.4400	133.9091	49.0110	57.7326	90.0532	151.8970	45.5472	137.5082	230.3363	138.4977	118.0756	173.1472	128.9035	0.0000	41.3468	52.8045	104.0987	119.1813	100.1273	168.9500	210.4605	65.4781	137.2294
69.4871	100.7583	64.0191	34.7938	101.2125	98.7092	65.6596	16.3860	87.7012	114.8793	33.2302	97.9596	189.9437	111.0456	87.3762	150.4153	89.5662	41.3468	0.0000	27.3537	72.5260	90.4232	61.2611	127.7707	169.1918	76.6644	104.9787
59.4202	85.7368	36.8102	61.8698	80.6890	81.3367	52.5354	29.8264	62.4023	99.8954	60.4654	88.2017	181.4762	87.1932	65.5013	124.7940	79.4802	52.8045	27.3537	0.0000	92.9230	67.1711	51.1843	123.8654	165.5217	58.3252	84.4846
85.5098	115.1578	122.2481	62.5031	130.0253	119.7249	138.1714	63.1513	154.8566	125.4206	60.4302	100.0297	170.3661	148.2520	123.1589	190.6829	95.6988	104.0987	72.5260	92.9230	0.0000	129.3725	82.4788	105.6616	139.2281	148.7526	132.8855
46.7391	39.4997	39.6380	124.2451	18.6138	29.5325	99.1495	82.1225	68.9762	48.9231	122.2273	56.3787	135.5690	20.7344	7.2513	62.3116	51.2515	119.1813	90.4232	67.1711	129.3725	0.0000	47.3018	96.3243	132.1441	92.5002	21.5852
8.4224	40.3274	54.3696	89.3384	48.3264	40.6767	101.4303	47.0842	92.6011	54.1121	86.8742	37.4589	130.6910	65.7735	40.7954	108.2126	28.7981	100.1273	61.2611	51.1843	82.4788	47.3018	0.0000	73.1443	114.6034	102.7124	51.5371
65.4797	57.3290	123.0869	146.0451	81.6604	67.5972	174.5442	111.4941	160.3318	53.5952	143.3438	40.7371	65.5690	102.0978	89.7066	134.3727	48.1063	168.9500	127.7707	123.8654	105.6616	96.3243	73.1443	0.0000	41.7399	174.9716	81.3509
106.7311	92.7711	162.6766	185.6972	115.3234	102.6121	215.8128	152.8541	198.9705	84.4149	183.0027	80.0014	36.6655	133.5543	126.2074	158.4166	88.1878	210.4605	169.1918	165.5217	139.2281	132.1441	114.6034	41.7399	0.0000	215.5370	114.0405
109.7373	126.2656	54.2472	102.3148	110.8918	118.3700	16.9554	86.3885	31.9984	138.8152	102.2669	135.5884	225.4800	105.4665	95.5206	128.0739	127.3528	65.4781	76.6644	58.3252	148.7526	92.5002	102.7124	174.9716	215.5370	0.0000	114.0626
47.3854	24.8149	60.7783	137.2349	3.8022	15.3171	120.3293	94.2420	90.1594	29.6314	134.9955	44.7121	114.8185	20.8745	19.5873	59.6134	42.7014	137.2294	104.9787	84.4846	132.8855	21.5852	51.5371	81.3509	114.0405	114.0626	0.0000

SPEED_MATRIX_KMH
0	60	80	30	30	80	30	30	30	60	60	40	30	30	60	80	30	60	80	30	40	60	30	30	30	80	30
60	0	80	40	80	60	40	60	30	30	60	60	60	60	30	30	60	40	30	80	40	60	30	60	80	80	30
30	30	0	40	40	80	40	60	30	40	60	80	30	80	60	40	30	40	80	60	30	30	30	30	30	40	60
80	60	60	0	30	30	30	30	40	40	80	30	30	80	80	30	60	40	40	40	30	80	40	40	80	40	80
40	30	60	80	0	60	80	30	30	60	40	40	40	40	40	30	30	60	80	60	30	60	60	40	60	60	60
60	40	60	40	30	0	40	60	80	40	30	40	40	80	60	40	30	80	40	80	80	80	60	30	80	80	30
60	30	60	40	30	30	0	80	80	30	40	40	60	30	80	30	80	30	40	30	40	60	30	60	80	80	80
40	30	30	80	80	80	80	0	80	80	80	30	30	40	80	80	30	80	80	80	40	30	60	60	30	80	60
40	60	80	60	60	30	30	60	0	80	40	60	60	40	60	40	30	40	60	30	60	40	40	60	60	40	40
30	40	40	40	80	80	30	80	40	0	40	30	40	30	30	30	60	30	60	60	60	60	40	60	40	30	40
40	80	40	80	40	30	80	80	40	30	0	80	30	80	30	60	60	80	60	30	30	60	30	40	60	40	60
40	40	40	40	80	80	30	40	40	30	30	0	60	40	30	80	30	60	80	40	60	40	60	40	40	80	80
30	30	40	30	30	80	80	80	60	80	60	80	0	60	80	80	80	30	30	60	30	40	30	80	30	40	40
30	60	60	30	40	60	60	60	30	60	30	60	40	0	40	30	80	30	40	80	80	60	80	60	80	60	40
60	40	80	30	30	40	30	60	80	30	30	60	80	60	0	80	40	30	80	60	40	60	60	80	40	40	40
60	60	80	80	40	40	40	60	30	30	40	30	30	60	40	0	40	30	30	30	80	80	30	60	30	40	30
80	40	80	40	60	40	40	60	40	60	80	40	30	80	30	30	0	80	40	60	80	60	30	30	30	60	30
80	60	40	60	80	60	40	40	80	60	40	30	60	40	40	80	30	0	60	40	80	40	40	30	40	60	60
80	30	80	80	40	60	30	40	30	30	30	80	80	30	40	80	40	30	0	80	80	80	80	40	80	40	40
60	60	40	40	40	60	40	40	40	30	40	60	60	30	40	80	30	80	40	0	80	30	80	80	80	60	40
60	30	80	60	80	80	60	60	60	40	40	60	30	80	40	40	80	40	60	60	0	30	40	40	80	80	30
80	30	80	80	60	60	80	80	30	40	80	30	30	40	30	80	30	30	40	40	80	0	60	30	60	40	30
80	60	40	80	30	30	30	80	60	60	80	30	30	60	80	30	40	80	60	60	80	60	0	30	80	80	30
80	80	40	60	30	30	30	40	40	40	30	80	40	40	30	80	40	80	40	80	80	40	80	0	60	40	60
30	40	40	30	30	60	30	80	60	40	40	60	30	80	40	60	40	60	80	40	80	60	40	30	0	60	60
80	40	80	30	30	30	30	60	80	30	40	30	40	60	80	30	30	30	80	40	80	80	30	30	60	0	40
40	40	40	40	30	80	30	80	40	40	80	80	30	80	30	40	80	30	30	80	60	40	40	80	40	80	0

EOF
